0.647154471545
0.49918699187
0.49918699187
0.49918699187
0.49918699187
0.49918699187
0.49918699187
0.49918699187
0.49918699187
0.49918699187
0.49918699187
0.49918699187
0.49918699187
0.49918699187
0.49918699187
0.49918699187
0.49918699187
0.49918699187
0.49918699187
0.49918699187
0.49918699187
0.49918699187
0.49918699187
0.49918699187
0.49918699187
0.49918699187
0.49918699187
0.49918699187
0.49918699187
0.49918699187
0.49918699187
0.49918699187
0.49918699187
0.49918699187
0.49918699187
0.49918699187
0.49918699187
0.49918699187
0.49918699187
0.49918699187
0.49918699187
0.49918699187
0.49918699187
0.49918699187
0.49918699187
0.49918699187
0.882926829268
0.886178861789
0.892682926829
0.886178861789
0.886178861789
0.889430894309
0.89593495935
0.89756097561
0.892682926829
0.894308943089
0.89756097561
0.892682926829
0.892682926829
0.89918699187
0.90081300813
0.90243902439
0.90243902439
0.90406504065
0.90406504065
0.907317073171
0.907317073171
0.907317073171
0.90406504065
0.90406504065
0.905691056911
0.907317073171
0.90406504065
0.905691056911
0.907317073171
0.910569105691
0.908943089431
0.910569105691
0.910569105691
0.910569105691
0.910569105691
0.910569105691
0.912195121951
0.915447154472
0.913821138211
0.917073170732
0.917073170732
0.917073170732
0.920325203252
0.912195121951
0.918699186992
0.918699186992
0.915447154472
0.918699186992
0.918699186992
0.920325203252
0.921951219512
0.921951219512
0.921951219512
0.920325203252
0.923577235772
0.925203252033
0.925203252033
0.920325203252
0.921951219512
0.920325203252
0.923577235772
0.920325203252
0.923577235772
0.928455284553
0.925203252033
0.926829268293
0.928455284553
0.930081300813
0.928455284553
0.928455284553
0.928455284553
0.930081300813
0.931707317073
0.936585365854
0.931707317073
0.936585365854
0.934959349593
0.933333333333
0.934959349593
0.938211382114
0.938211382114
0.934959349593
0.938211382114
0.936585365854
0.938211382114
0.941463414634
0.938211382114
0.943089430894
0.938211382114
0.936585365854
0.938211382114
0.934959349593
0.936585365854
0.936585365854
0.936585365854
0.938211382114
0.939837398374
0.939837398374
0.938211382114
0.938211382114
0.938211382114
0.936585365854
0.939837398374
0.938211382114
0.936585365854
0.938211382114
0.938211382114
0.938211382114
0.938211382114
0.939837398374
0.939837398374
0.939837398374
0.941463414634
0.939837398374
0.941463414634
0.941463414634
0.943089430894
0.941463414634
0.939837398374
0.944715447154
0.946341463415
0.944715447154
0.946341463415
0.943089430894
0.944715447154
0.944715447154
0.946341463415
0.944715447154
0.943089430894
0.946341463415
0.943089430894
0.944715447154
0.946341463415
0.946341463415
0.946341463415
0.946341463415
0.946341463415
0.947967479675
0.947967479675
0.949593495935
0.949593495935
0.949593495935
0.949593495935
0.949593495935
0.949593495935
0.947967479675
0.949593495935
0.951219512195
0.952845528455
0.954471544715
0.952845528455
0.954471544715
0.951219512195
0.951219512195
0.949593495935
0.951219512195
0.951219512195
0.951219512195
0.952845528455
0.952845528455
0.954471544715
0.952845528455
0.952845528455
0.952845528455
0.951219512195
0.954471544715
0.952845528455
0.956097560976
0.951219512195
0.951219512195
0.949593495935
0.951219512195
0.949593495935
0.949593495935
0.952845528455
0.949593495935
0.949593495935
0.951219512195
0.952845528455
0.951219512195
0.954471544715
0.952845528455
0.952845528455
0.951219512195
0.951219512195
0.951219512195
0.952845528455
0.952845528455
0.952845528455
0.952845528455
0.954471544715
0.954471544715
0.954471544715
0.956097560976
0.956097560976
0.951219512195
0.952845528455
0.952845528455
0.952845528455
0.952845528455
0.956097560976
0.954471544715
0.956097560976
0.956097560976
0.954471544715
0.951219512195
0.951219512195
0.952845528455
0.952845528455
0.954471544715
0.952845528455
0.952845528455
0.954471544715
0.956097560976
0.956097560976
0.956097560976
0.952845528455
0.952845528455
0.954471544715
0.954471544715
0.954471544715
0.954471544715
0.954471544715
0.954471544715
0.954471544715
0.952845528455
0.952845528455
0.952845528455
0.952845528455
0.952845528455
0.952845528455
0.952845528455
0.952845528455
0.952845528455
0.952845528455
0.952845528455
0.952845528455
0.952845528455
0.954471544715
0.954471544715
0.954471544715
0.956097560976
0.954471544715
0.954471544715
0.957723577236
0.957723577236
0.956097560976
0.956097560976
0.956097560976
0.956097560976
0.956097560976
0.956097560976
0.957723577236
0.959349593496
0.959349593496
0.959349593496
0.959349593496
0.959349593496
0.959349593496
0.959349593496
0.959349593496
0.960975609756
0.962601626016
0.960975609756
0.959349593496
0.960975609756
0.959349593496
0.959349593496
0.959349593496
0.957723577236
0.957723577236
0.957723577236
0.957723577236
0.957723577236
0.957723577236
0.957723577236
0.957723577236
0.956097560976
0.957723577236
0.957723577236
0.957723577236
0.957723577236
0.957723577236
0.957723577236
0.956097560976
0.956097560976
0.962601626016
0.962601626016
0.964227642276
0.962601626016
0.959349593496
0.957723577236
0.960975609756
0.960975609756
0.960975609756
0.959349593496
0.962601626016
0.959349593496
0.960975609756
0.960975609756
0.959349593496
0.959349593496
0.959349593496
0.959349593496
0.959349593496
0.959349593496
0.962601626016
0.962601626016
0.960975609756
0.960975609756
0.962601626016
0.962601626016
0.962601626016
0.964227642276
0.960975609756
0.960975609756
0.960975609756
0.962601626016
0.960975609756
0.959349593496
0.956097560976
0.957723577236
0.956097560976
0.956097560976
0.957723577236
0.956097560976
0.957723577236
0.954471544715
0.957723577236
0.956097560976
0.959349593496
0.957723577236
0.959349593496
0.956097560976
0.959349593496
0.959349593496
0.956097560976
0.956097560976
0.957723577236
0.959349593496
0.957723577236
0.959349593496
0.957723577236
0.957723577236
0.957723577236
0.959349593496
0.957723577236
0.960975609756
0.960975609756
0.960975609756
0.957723577236
0.957723577236
0.957723577236
0.957723577236
