0.31930284699
0.0
0.0
0.0
0.0
0.0
0.0
0.0
0.0
0.0
0.0
0.0
0.0
0.0
0.0
0.0
0.0
0.0
0.0
0.0
0.0
0.0
0.0
0.0
0.0
0.0
0.0
0.0
0.0
0.0
0.0
0.0
0.0
0.0
0.0
0.0
0.0
0.0
0.0
0.0
0.0
0.0
0.0
0.0
0.0
0.0
0.870076991412
0.879256736749
0.890139176784
0.883846609417
0.886004061085
0.885200304581
0.889758450019
0.891651508101
0.889980540632
0.880018190279
0.89405220187
0.880536401709
0.885210880325
0.885771394729
0.89061508524
0.896569228817
0.893957020179
0.896865349634
0.890160328271
0.896907652608
0.893660899361
0.897214349169
0.891397690258
0.889293117306
0.88607809129
0.891524599179
0.884999365455
0.890868903084
0.893999323152
0.893512838953
0.890710266932
0.897848893777
0.895691442108
0.896749016456
0.896251956513
0.897055713017
0.898123863108
0.902280130293
0.898874740894
0.904501036423
0.901275434663
0.901635009941
0.908583273404
0.902808917467
0.909439908626
0.909355302678
0.908403485765
0.918186048479
0.906658488092
0.916007445323
0.915245991793
0.914791234824
0.910719573586
0.907398790135
0.911121451838
0.915774778967
0.915774778967
0.91273954059
0.910190786412
0.904976944879
0.910381149795
0.911872329625
0.913945175346
0.917911079149
0.913871145142
0.919148441135
0.918587926731
0.923325859808
0.916261263167
0.921432801726
0.921887558695
0.921115529422
0.928180126063
0.937275265451
0.928666610263
0.938322264055
0.938068446212
0.935561995008
0.936270569821
0.940786412285
0.940860442489
0.939284656711
0.941579593045
0.939993231524
0.94189686535
0.939453868607
0.935858115826
0.935287025678
0.935858115826
0.938819323998
0.941843986632
0.938322264055
0.939210626507
0.941706501967
0.938227082364
0.939136596303
0.941040230128
0.941875713863
0.938269385338
0.938269385338
0.93821650662
0.940215322137
0.943335166462
0.942816955032
0.939231777994
0.939379838403
0.938364567029
0.939316383942
0.93918947502
0.939527898811
0.939749989424
0.939654807733
0.94269004611
0.939633656246
0.943335166462
0.943282287745
0.941019078641
0.940765260798
0.943768771945
0.945957950844
0.952948517281
0.947364524726
0.949691188291
0.944012014045
0.945302254749
0.946581919709
0.946909767757
0.946687677144
0.943440923897
0.943948559584
0.944255256145
0.947755827235
0.949003764965
0.950717035408
0.950727611151
0.952694699437
0.949500824908
0.953255213842
0.953731122298
0.951140065147
0.950949701764
0.950748762638
0.951034307712
0.95063242946
0.950399763103
0.944583104192
0.947787554465
0.950706459664
0.950727611151
0.953191759381
0.950040187825
0.953001395998
0.951785185499
0.951034307712
0.954027243115
0.949130673886
0.949987309108
0.949014340708
0.951034307712
0.954238757985
0.953942637167
0.950960277508
0.951023731968
0.951351580016
0.950219975464
0.951404458733
0.948834553069
0.949712339777
0.945291679005
0.941981471297
0.942002622784
0.942182410423
0.942044925758
0.942393925293
0.945090739879
0.943250560514
0.943398620923
0.943599560049
0.944720588857
0.942584288675
0.943409196667
0.942351622319
0.943155378823
0.945355133466
0.945344557722
0.945714708744
0.947840433182
0.948221159948
0.948221159948
0.95017767249
0.948274038665
0.949225855578
0.948200008461
0.951996700368
0.95139388299
0.941907441093
0.945080164136
0.945037861162
0.945133042853
0.948474977791
0.951161216634
0.95118236812
0.954556030289
0.954661787724
0.949447946191
0.947237615804
0.945207073057
0.947882736156
0.945111891366
0.945376284953
0.946571343965
0.945111891366
0.945894496383
0.947565463852
0.947258767291
0.948252887178
0.943948559584
0.943959135327
0.944138922966
0.944117771479
0.945608951309
0.945471466644
0.945439739414
0.945503193875
0.944212953171
0.940976775667
0.940945048437
0.941008502898
0.940902745463
0.94071238208
0.946973222218
0.941600744532
0.949966157621
0.943811074919
0.943969711071
0.944001438301
0.943969711071
0.944138922966
0.947290494522
0.947269343035
0.947988493591
0.949331613012
0.947967342104
0.947935614874
0.948358644613
0.947205888574
0.948200008461
0.948369220356
0.948210584204
0.948252887178
0.948178856974
0.94816828123
0.9471635856
0.94841152333
0.948348068869
0.947480857904
0.947470282161
0.947396251957
0.947100131139
0.94713185837
0.947068403909
0.950315157156
0.953498455941
0.950346884386
0.947174161344
0.947227040061
0.9469203435
0.949913278904
0.946909767757
0.946952070731
0.948252887178
0.947015525191
0.948348068869
0.948104826769
0.947988493591
0.947988493591
0.948252887178
0.944868649266
0.947988493591
0.947999069335
0.947999069335
0.947935614874
0.947935614874
0.947903887643
0.950727611151
0.950695883921
0.948284614408
0.945080164136
0.951446761707
0.948358644613
0.948136554
0.948009645078
0.948549007995
0.945249376031
0.948506705021
0.951298701299
0.951499640425
0.951615973603
0.948284614408
0.948326917382
0.948189432717
0.949490249165
0.945101315622
0.948104826769
0.948263462921
0.948474977791
0.951615973603
0.951615973603
0.948876856043
0.948316341639
0.954756969415
0.952060154829
0.954778120902
0.954714666441
0.948485553534
0.951489064681
0.948348068869
0.951605397859
0.948432674817
0.950040187825
0.951330428529
0.948231735691
0.945164770083
0.945027285418
0.9483797961
0.945037861162
0.948210584204
0.945090739879
0.951415034477
0.948157705487
0.954482000085
0.951298701299
0.954460848598
0.948252887178
0.951615973603
0.95166885232
0.948200008461
0.948200008461
0.95142561022
0.951563094886
0.948432674817
0.951700579551
0.948464402047
0.948422099074
0.948358644613
0.951626549346
0.948453826304
0.954534878802
0.95465121198
0.954598333263
0.951161216634
0.951097762173
0.951256398325
0.951256398325
