-0.000000000000
1.000000000000
-0.000000000000
-0.000000000000
-0.000000000000
-0.000000000000
-0.000000000000
-0.000000000000
-0.000000000000
-0.000000000000
0.000000000000
0.000000000000
-0.000000000000
0.000000000000
-0.000000000000
-0.000000000000
-0.000000000000
-0.000000000000
-0.000000000000
-0.000000000000
-0.000000000000
-0.000000000000
-0.000000000000
-0.000000000000
-0.000000000000
-0.000000000000
-0.000000000000
-0.000000000000
-0.000000000000
-0.000000000000
0.000000000000
-0.000000000000
-0.000000000000
0.000000000000
0.000000000000
-0.000000000000
-0.000000000000
-0.000000000000
-0.000000000000
0.000000000000
-0.000000000000
0.000000000000
0.000000000000
0.000000000000
0.000000000000
-0.000000000000
0.000000000000
-0.000071116635
-0.000816536228
-0.001704733355
-0.002366590903
-0.003091437353
-0.003660142085
-0.003924615158
-0.004434380206
-0.004634155556
-0.005023592673
-0.005467586403
-0.005615364932
-0.005817739176
-0.006055984834
-0.006829754909
-0.007142820910
-0.007486105531
-0.007715573157
-0.008138878180
-0.008340764155
-0.008430818094
-0.008565100992
-0.008787945104
-0.008886413235
-0.009247412707
-0.009386361302
-0.009528766306
-0.009572302962
-0.009652899724
-0.009784987108
-0.009989145457
-0.010122925209
-0.010167766607
-0.010297702725
-0.010350573161
-0.010452558026
-0.010587024500
-0.010738972750
-0.010818632105
-0.011047932667
-0.011231107199
-0.011323860279
-0.011402597462
-0.011566563727
-0.011665915542
-0.011744701782
-0.011794151500
-0.011970073786
-0.012407799554
-0.012522320586
-0.012641881711
-0.012768072126
-0.012874055246
-0.012935846285
-0.013028873799
-0.013119281601
-0.013306984809
-0.013426300815
-0.013520041444
-0.013594073464
-0.013692158235
-0.013744146503
-0.013912100677
-0.014125367290
-0.014276600886
-0.014392453665
-0.014532898191
-0.014698938479
-0.014759301490
-0.014925626203
-0.015007049493
-0.015099883653
-0.015138390325
-0.015185248227
-0.015277755405
-0.015358225841
-0.015440645323
-0.015475561632
-0.015517434102
-0.015611327243
-0.015632715854
-0.015668102025
-0.015720329107
-0.015737157332
-0.015799735824
-0.015823008776
-0.015893398721
-0.015951217934
-0.016036491339
-0.016092096486
-0.016163978054
-0.016177986916
-0.016270304451
-0.016343174526
-0.016398314887
-0.016421322169
-0.016457529227
-0.016478543403
-0.016496982909
-0.016538349471
-0.016558849848
-0.016600960287
-0.016613068903
-0.016671888438
-0.016719246230
-0.016726119540
-0.016735056087
-0.016813405452
-0.016861055529
-0.016899987812
-0.016921323732
-0.016941675765
-0.016968713941
-0.016972640906
-0.016991556269
-0.017003297091
-0.017056041790
-0.017082415463
-0.017114721140
-0.017172076885
-0.017255979096
-0.017277020192
-0.017291939289
-0.017321708142
-0.017352460166
-0.017374162730
-0.017410039850
-0.017437403240
-0.017460518659
-0.017465481487
-0.017489378304
-0.017516281861
-0.017542712451
-0.017582399056
-0.017598043137
-0.017620719040
-0.017653750944
-0.017694198932
-0.017730305403
-0.017923852112
-0.017959871133
-0.017974444979
-0.017991362998
-0.018023769026
-0.018037754741
-0.018068399468
-0.018077555356
-0.018113204932
-0.018142359159
-0.018171419808
-0.018176298513
-0.018184507529
-0.018210109195
-0.018230275854
-0.018249865700
-0.018261224483
-0.018268526913
-0.018273603031
-0.018325664011
-0.018350668468
-0.018359355088
-0.018372644787
-0.018400410493
-0.018443663976
-0.018456957523
-0.018528007999
-0.018559219354
-0.018590997264
-0.018634925161
-0.018660890373
-0.018692473949
-0.018692929295
-0.018702873379
-0.018747811674
-0.018763697067
-0.018781391291
-0.018789133175
-0.018811403905
-0.018819329292
-0.018869988507
-0.018880860819
-0.018897531610
-0.018903780715
-0.018952512838
-0.018965567310
-0.018975021507
-0.018991708860
-0.019053222309
-0.019053222309
-0.019063616101
-0.019076760068
-0.019091904129
-0.019098644287
-0.019127216105
-0.019147441132
-0.019177170138
-0.019189660931
-0.019191378609
-0.019197110627
-0.019214653290
-0.019228107865
-0.019249083016
-0.019291292868
-0.019305884042
-0.019319385295
-0.019327306393
-0.019339440606
-0.019357440673
-0.019380383392
-0.019388306786
-0.019402520657
-0.019416983375
-0.019456905441
-0.019473296839
-0.019485958451
-0.019498209974
-0.019587506169
-0.019592994101
-0.019609107203
-0.019620606308
-0.019636761868
-0.019646115043
-0.019651251758
-0.019671887730
-0.019678810402
-0.019687686207
-0.019691472797
-0.019696064983
-0.019703896430
-0.019710550128
-0.019718616233
-0.019722278620
-0.019723704515
-0.019729744295
-0.019735936612
-0.019751247156
-0.019762903243
-0.019779409586
-0.019787271331
-0.019791276580
-0.019825835071
-0.019837774616
-0.019841789103
-0.019844413997
-0.019846582076
-0.019850625046
-0.019864839046
-0.019872665101
-0.019876275142
-0.019892572098
-0.019896852747
-0.019898176592
-0.019906342939
-0.019921219475
-0.019923103725
-0.019927015070
-0.019928757708
-0.019933643383
-0.019942498898
-0.019950173113
-0.019954624081
-0.019958441125
-0.019962947626
-0.019965559935
-0.019970179041
-0.019973070079
-0.019982781782
-0.019998787800
-0.020003217034
-0.020007366198
-0.020013490728
-0.020016373890
-0.020022952682
-0.020027629100
-0.020031767809
-0.020031767809
-0.020032789125
-0.020034763272
-0.020037789763
-0.020039050196
-0.020039050196
-0.020040286433
-0.020041705050
-0.020044990368
-0.020047255655
-0.020048477117
-0.020087015914
-0.020089199900
-0.020090436385
-0.020094792729
-0.020096457000
-0.020100499233
-0.020102623826
-0.020107919882
-0.020111937418
-0.020112914204
-0.020116039065
-0.020117984336
-0.020121685048
-0.020123314533
-0.020124678529
-0.020124869225
-0.020125708941
-0.020126724681
-0.020126806470
-0.020132142752
-0.020135194343
-0.020136492533
-0.020138572703
-0.020138750176
-0.020142076230
-0.020145933419
-0.020146515162
-0.020147061737
-0.020147753248
-0.020149236571
-0.020150495164
-0.020154185775
-0.020156952166
-0.020159084916
-0.020161111313
-0.020162894547
-0.020166639472
-0.020170236776
-0.020171231919
-0.020173476617
-0.020175241866
-0.020176186872
-0.020177749980
-0.020178761580
-0.020179303109
-0.020180604907
-0.020181499886
-0.020186214965
-0.020187768213
-0.020189797591
-0.020190250739
-0.020190250739
-0.020190765899
-0.020191405629
-0.020191502992
-0.020192026309
-0.020192452231
-0.020192558998
-0.020194173765
-0.020196316189
-0.020196861866
-0.020207475409
-0.020209512876
-0.020209773990
-0.020211789004
-0.020212702189
-0.020213546922
-0.020213546922
