0.31930284699
0.0
0.0
0.0
0.0
0.0
0.0
0.0
0.0
0.0
0.0
0.0
0.0
0.0
0.0
0.0
0.0
0.0
0.0
0.0
0.0
0.0
0.0
0.0
0.0
0.0
0.0
0.0
0.0
0.0
0.0
0.0
0.0
0.0
0.0
0.0
0.0
0.0
0.0
0.0
0.0
0.0
0.0
0.0
0.0
0.0
0.0
0.0
0.0
0.0
0.0
0.0
0.0
0.0
0.0
0.0
0.0
0.0
0.860844367359
0.884576335716
0.873344896146
0.876771437032
0.87886543424
0.884364820847
0.879362494183
0.88735775625
0.899266043403
0.894665594991
0.890572782267
0.894866534117
0.890234358475
0.893110960701
0.901751343119
0.897055713017
0.902777190236
0.898335377977
0.906415245992
0.894940564322
0.90476543001
0.907419941622
0.905706671179
0.896347138204
0.903358856128
0.904289521553
0.899826557807
0.896685561995
0.905696095436
0.896727864969
0.893988747409
0.902914674902
0.911026270147
0.916895807775
0.91423072042
0.91429417488
0.907885274335
0.916842929058
0.900186133085
0.91824950294
0.912898176742
0.911206057786
0.923294132578
0.923040314734
0.915171961589
0.926688946233
0.92497567579
0.926889885359
0.925134311942
0.923981555903
0.930062608401
0.926488007107
0.927059097255
0.92671009772
0.928507974111
0.919307077288
0.918016836584
0.925800583781
0.924668979229
0.924795888151
0.928243580524
0.930961546597
0.928000338424
0.92743982402
0.918936926266
0.918683108423
0.918661956936
0.919053259444
0.930982698084
0.93069715301
0.922543254791
0.921009771987
0.924531494564
0.926213037777
0.922860527095
0.931416303566
0.933901603283
0.935752358391
0.933700664157
0.936672448073
0.94043741275
0.933965057744
0.935466813317
0.935329328652
0.939824019629
0.932103726892
0.933383391852
0.930802910445
0.924288252464
0.927260036381
0.928412792419
0.928412792419
0.923748889547
0.925990947164
0.929428063793
0.930104911375
0.929258851897
0.926392825416
0.924415161386
0.927482126994
0.925990947164
0.926054401624
0.930083759888
0.926308219468
0.92768306612
0.929523245484
0.926456279876
0.930676001523
0.926826430898
0.927926308219
0.923833495495
0.928307034985
0.933764118618
0.93048563814
0.929607851432
0.929903972249
0.929554972715
0.92972418461
0.933076695292
0.929459791023
0.925790008038
0.925525614451
0.922532679047
0.926181310546
0.924605524768
0.925366978299
0.933235331444
0.929861669275
0.933869876052
0.934673632556
0.939326959685
0.939326959685
0.932410423453
0.935117813782
0.929565548458
0.939231777994
0.93447269343
0.931522061001
0.93145860654
0.930147214349
0.932420999196
0.925853462498
0.929068488515
0.929184821693
0.932156605609
0.935815812852
0.93222006007
0.933171876983
0.929057912771
0.936185963873
0.936778205508
0.936947417403
0.936979144634
0.936714751047
0.940120140446
0.940046110242
0.940299928085
0.936852235712
0.937201235247
0.940247049368
0.93964423199
0.934240027074
0.93696856889
0.935921570286
0.936122509412
0.936640720843
0.939908625576
0.93696856889
0.943197681797
0.943229409027
0.940141291933
0.940204746394
0.940046110242
0.940077837472
0.940173019163
0.940426837007
0.937148356529
0.940151867676
0.937074326325
0.939876898346
0.943504378358
0.94043741275
0.944487922501
0.943440923897
0.943134227336
0.943514954101
0.943684165997
0.942880409493
0.941558441558
0.938290536825
0.944773467575
0.938470324464
0.941262320741
0.939242353737
0.942795803545
0.942742924828
0.93967595922
0.94317653031
0.933552603748
0.936809932738
0.937254113964
0.936873387199
0.939802868142
0.947174161344
0.942922712467
0.942859258006
0.942943863954
0.94293328821
0.94317653031
0.943345742206
0.943187106054
0.943081348619
0.946349253353
0.943070772875
0.943197681797
0.943081348619
0.943335166462
0.939940352807
0.940035534498
0.940247049368
0.941748804941
0.936947417403
0.937074326325
0.936873387199
0.940299928085
0.940268200855
0.946603071196
0.944361013579
0.940173019163
0.94664537417
0.946655949913
0.946655949913
0.94366301451
0.946423283557
0.947798130209
0.947977917848
0.947819281696
0.944625407166
0.943440923897
0.944561952705
0.944572528449
0.940130716189
0.943472651127
0.936767629764
0.940796988028
0.946698252887
0.940342231059
0.940342231059
0.937137780786
0.933954482
0.930993273827
0.932167181353
0.934049663691
0.930961546597
0.930982698084
0.930982698084
0.940722957824
0.940754685054
0.937296416938
0.937021447608
0.940775836541
0.940130716189
0.940120140446
0.938195355133
0.941420956893
0.941325775202
0.941420956893
0.938237658107
0.93815305216
0.93842802149
0.938385718516
0.93867126359
0.937317568425
0.93416599687
0.943631287279
0.941970895554
0.947036676678
0.946952070731
0.946497313761
0.94816828123
0.948221159948
0.948030796565
0.946666525657
0.940818139515
0.948284614408
0.948136554
0.949310461525
0.945196497314
0.940733533567
0.945080164136
0.945164770083
0.941918016837
0.945090739879
0.948612462456
0.945323406235
0.945270527518
0.945207073057
0.94539743644
0.945281103262
0.94917297686
0.948570159482
0.948802825839
0.948908583273
0.951700579551
0.951489064681
0.948538432252
0.948972037734
0.95191209442
0.955254029358
