-0.000000000000
1.000000000000
-0.000000000000
-0.000000000000
-0.000000000000
-0.000000000000
-0.000000000000
-0.000000000000
-0.000000000000
-0.000000000000
-0.000000000000
-0.000000000000
-0.000000000000
-0.000000000000
-0.000000000000
-0.000000000000
0.000000000000
-0.000000000000
0.000000000000
-0.000000000000
0.000000000000
-0.000000000000
-0.000000000000
-0.000000000000
-0.000000000000
-0.000000000000
0.000000000000
-0.000000000000
-0.000000000000
-0.000000000000
-0.000000000000
0.000000000000
-0.000000000000
-0.000000000000
-0.000000000000
-0.000000000000
-0.000000000000
-0.000000000000
-0.000000000000
0.000000000000
0.000000000000
-0.000000000000
-0.000000000000
-0.000000000000
-0.000000000000
-0.000000000000
-0.000000000000
0.000000000000
0.000000000000
-0.000000000000
-0.000000000000
0.000000000000
0.000000000000
0.000000000000
-0.000000000000
-0.000000000000
-0.000000000000
-0.000000000000
-0.000000000000
-0.000769803396
-0.001445257535
-0.001939742762
-0.002215504063
-0.002902352362
-0.003236394269
-0.003572445506
-0.003740011864
-0.004945139721
-0.005097629320
-0.005292437228
-0.005551966973
-0.005692919905
-0.005946381813
-0.006263973562
-0.006502543001
-0.006902972013
-0.007040086764
-0.007208966803
-0.007437979150
-0.007577811683
-0.007705905063
-0.007855082553
-0.007943250395
-0.008109166299
-0.008315607845
-0.008443587203
-0.008557779154
-0.008617236467
-0.008720229038
-0.008898110955
-0.008970082348
-0.009096244627
-0.009372583822
-0.009556609713
-0.009709188204
-0.009783988753
-0.009839925848
-0.009940267861
-0.010092180134
-0.010312916275
-0.010358757649
-0.010458637971
-0.010535475411
-0.010634700960
-0.010787249815
-0.010911390794
-0.010947439638
-0.011003424069
-0.011082715252
-0.011452588758
-0.011523606790
-0.011625900207
-0.011750629435
-0.011837526321
-0.011925677817
-0.012043053775
-0.012244227197
-0.012476405851
-0.012579815104
-0.012713628567
-0.012802478766
-0.012881916862
-0.012969165173
-0.013045618783
-0.013093544450
-0.013110683788
-0.013153967245
-0.013300566305
-0.013335806094
-0.013407313569
-0.013468205301
-0.013701120454
-0.013740521796
-0.013852057132
-0.013953938292
-0.014041897114
-0.014133910443
-0.014223961973
-0.014334948270
-0.014386382114
-0.014466687004
-0.014590597495
-0.014706084854
-0.014735472703
-0.014787232198
-0.014827001602
-0.014839784858
-0.014931373053
-0.014959569005
-0.015007183397
-0.015007183397
-0.015071106790
-0.015083396436
-0.015178062015
-0.015262946801
-0.015347020530
-0.015408248375
-0.015423777085
-0.015482501647
-0.015545202845
-0.015566961162
-0.015636608009
-0.015701943622
-0.015749886137
-0.015801208931
-0.015839004735
-0.015871010117
-0.015896251245
-0.015918745423
-0.015948123495
-0.015995987660
-0.016031098340
-0.016065173890
-0.016099164062
-0.016107850344
-0.016111438959
-0.016136454828
-0.016169357019
-0.016196216058
-0.016210978458
-0.016220813300
-0.016268874853
-0.016279041045
-0.016345030496
-0.016385907020
-0.016431559210
-0.016446501109
-0.016465320761
-0.016477676284
-0.016482232353
-0.016482232353
-0.016493365439
-0.016510725360
-0.016587776926
-0.016614483900
-0.016651909960
-0.016665049901
-0.016688575402
-0.016709153693
-0.016724609046
-0.016761548235
-0.016808338737
-0.016810815311
-0.016820836260
-0.016883136664
-0.016899926996
-0.016924358621
-0.016956668090
-0.016981992800
-0.017022614000
-0.017084658402
-0.017099302424
-0.017119550432
-0.017190618586
-0.017209713905
-0.017220294355
-0.017235420771
-0.017251495321
-0.017276649162
-0.017320281209
-0.017376248037
-0.017457352361
-0.017490225603
-0.017510207002
-0.017527650102
-0.017559349283
-0.017564155756
-0.017598451334
-0.017619396580
-0.017622648925
-0.017623470013
-0.017664464336
-0.017674163452
-0.017730723738
-0.017747074950
-0.017769639017
-0.017775682445
-0.017780286411
-0.017793858393
-0.017814635593
-0.017824329128
-0.017845051749
-0.017864132034
-0.017868209619
-0.017885777481
-0.017893791720
-0.017936914902
-0.017951715341
-0.017962467328
-0.017989884009
-0.017998204695
-0.018005276094
-0.018012053376
-0.018040753291
-0.018052863754
-0.018058419012
-0.018071613051
-0.018080314965
-0.018097118572
-0.018103238679
-0.018111348791
-0.018119285330
-0.018148158243
-0.018160084795
-0.018173594070
-0.018176492957
-0.018177256014
-0.018187837663
-0.018196416666
-0.018306000704
-0.018309950520
-0.018321555952
-0.018341521757
-0.018363844602
-0.018383463831
-0.018390152559
-0.018401066249
-0.018415808631
-0.018422118615
-0.018430325085
-0.018454452646
-0.018465718691
-0.018478236652
-0.018486375591
-0.018505259998
-0.018512802482
-0.018522720567
-0.018554210343
-0.018574983768
-0.018585085085
-0.018585085085
-0.018591081569
-0.018595802688
-0.018619275671
-0.018644876158
-0.018659236910
-0.018673212873
-0.018725024410
-0.018751640268
-0.018758804650
-0.018776347807
-0.018779352947
-0.018793052734
-0.018813627770
-0.018838483570
-0.018850498834
-0.018850498834
-0.018854451161
-0.018869507212
-0.018886040548
-0.018887606621
-0.018893672260
-0.018907781657
-0.018909913867
-0.018909913867
-0.018918728232
-0.018932106037
-0.018936365853
-0.018945025771
-0.018947541753
-0.018948197279
-0.018948922551
-0.018958535200
-0.018961016474
-0.018962380960
-0.018964518806
-0.018966023750
-0.018967878123
-0.018990631161
-0.018991067549
-0.018992874010
-0.018994975428
-0.018999126825
-0.019002701302
-0.019006518410
-0.019016204762
-0.019022610169
-0.019027567326
-0.019029763732
-0.019030174313
-0.019033748331
-0.019035869347
-0.019037575923
-0.019063228266
-0.019063902531
-0.019067199308
-0.019085322616
-0.019106586527
-0.019109918457
-0.019111897667
-0.019116938255
-0.019118566003
-0.019126555666
-0.019130842051
-0.019135748993
-0.019135967208
-0.019139573470
-0.019145555576
-0.019158919562
-0.019159961056
-0.019160378084
-0.019160916574
-0.019167680936
-0.019168154440
-0.019173990980
-0.019174847694
-0.019190077036
-0.019191324708
