0.647154471545
0.49918699187
0.49918699187
0.49918699187
0.49918699187
0.49918699187
0.49918699187
0.49918699187
0.49918699187
0.49918699187
0.49918699187
0.49918699187
0.49918699187
0.49918699187
0.49918699187
0.49918699187
0.49918699187
0.49918699187
0.49918699187
0.49918699187
0.49918699187
0.49918699187
0.49918699187
0.49918699187
0.49918699187
0.49918699187
0.49918699187
0.49918699187
0.49918699187
0.49918699187
0.49918699187
0.49918699187
0.49918699187
0.49918699187
0.49918699187
0.49918699187
0.49918699187
0.49918699187
0.49918699187
0.49918699187
0.49918699187
0.49918699187
0.49918699187
0.49918699187
0.49918699187
0.49918699187
0.49918699187
0.49918699187
0.49918699187
0.49918699187
0.49918699187
0.49918699187
0.49918699187
0.49918699187
0.49918699187
0.49918699187
0.49918699187
0.49918699187
0.49918699187
0.49918699187
0.521951219512
0.882926829268
0.884552845528
0.887804878049
0.886178861789
0.882926829268
0.887804878049
0.884552845528
0.892682926829
0.89593495935
0.89756097561
0.90081300813
0.90406504065
0.90406504065
0.90406504065
0.90243902439
0.912195121951
0.913821138211
0.912195121951
0.910569105691
0.912195121951
0.913821138211
0.913821138211
0.915447154472
0.917073170732
0.918699186992
0.917073170732
0.917073170732
0.920325203252
0.918699186992
0.923577235772
0.923577235772
0.921951219512
0.925203252033
0.926829268293
0.925203252033
0.926829268293
0.926829268293
0.928455284553
0.928455284553
0.928455284553
0.926829268293
0.931707317073
0.930081300813
0.933333333333
0.934959349593
0.931707317073
0.931707317073
0.926829268293
0.926829268293
0.925203252033
0.930081300813
0.925203252033
0.930081300813
0.926829268293
0.931707317073
0.928455284553
0.926829268293
0.923577235772
0.925203252033
0.928455284553
0.928455284553
0.926829268293
0.928455284553
0.930081300813
0.931707317073
0.936585365854
0.938211382114
0.936585365854
0.938211382114
0.936585365854
0.936585365854
0.938211382114
0.939837398374
0.938211382114
0.938211382114
0.936585365854
0.938211382114
0.939837398374
0.939837398374
0.943089430894
0.943089430894
0.943089430894
0.943089430894
0.943089430894
0.943089430894
0.944715447154
0.947967479675
0.947967479675
0.947967479675
0.946341463415
0.949593495935
0.944715447154
0.949593495935
0.944715447154
0.951219512195
0.951219512195
0.951219512195
0.947967479675
0.943089430894
0.946341463415
0.947967479675
0.951219512195
0.951219512195
0.951219512195
0.949593495935
0.951219512195
0.949593495935
0.949593495935
0.949593495935
0.946341463415
0.947967479675
0.947967479675
0.947967479675
0.946341463415
0.947967479675
0.947967479675
0.947967479675
0.947967479675
0.947967479675
0.947967479675
0.946341463415
0.947967479675
0.947967479675
0.947967479675
0.949593495935
0.949593495935
0.947967479675
0.947967479675
0.949593495935
0.949593495935
0.947967479675
0.949593495935
0.947967479675
0.949593495935
0.951219512195
0.947967479675
0.951219512195
0.946341463415
0.947967479675
0.944715447154
0.944715447154
0.941463414634
0.943089430894
0.944715447154
0.946341463415
0.947967479675
0.944715447154
0.944715447154
0.944715447154
0.944715447154
0.943089430894
0.944715447154
0.946341463415
0.946341463415
0.946341463415
0.946341463415
0.946341463415
0.946341463415
0.944715447154
0.949593495935
0.946341463415
0.946341463415
0.947967479675
0.949593495935
0.949593495935
0.951219512195
0.951219512195
0.951219512195
0.949593495935
0.949593495935
0.949593495935
0.949593495935
0.949593495935
0.952845528455
0.951219512195
0.954471544715
0.956097560976
0.954471544715
0.954471544715
0.954471544715
0.952845528455
0.952845528455
0.952845528455
0.952845528455
0.952845528455
0.952845528455
0.952845528455
0.954471544715
0.952845528455
0.956097560976
0.954471544715
0.956097560976
0.956097560976
0.959349593496
0.959349593496
0.957723577236
0.957723577236
0.957723577236
0.956097560976
0.957723577236
0.960975609756
0.960975609756
0.957723577236
0.962601626016
0.959349593496
0.960975609756
0.957723577236
0.956097560976
0.954471544715
0.956097560976
0.956097560976
0.959349593496
0.959349593496
0.956097560976
0.959349593496
0.959349593496
0.960975609756
0.960975609756
0.962601626016
0.960975609756
0.962601626016
0.962601626016
0.960975609756
0.962601626016
0.962601626016
0.960975609756
0.962601626016
0.959349593496
0.962601626016
0.964227642276
0.964227642276
0.964227642276
0.964227642276
0.964227642276
0.962601626016
0.959349593496
0.956097560976
0.959349593496
0.954471544715
0.952845528455
0.952845528455
0.954471544715
0.956097560976
0.957723577236
0.957723577236
0.964227642276
0.964227642276
0.962601626016
0.959349593496
0.959349593496
0.957723577236
0.960975609756
0.960975609756
0.964227642276
0.960975609756
0.959349593496
0.956097560976
0.956097560976
0.960975609756
0.959349593496
0.959349593496
0.960975609756
0.960975609756
0.952845528455
0.952845528455
0.960975609756
0.959349593496
0.956097560976
0.957723577236
0.954471544715
0.957723577236
0.956097560976
0.959349593496
0.957723577236
0.956097560976
0.954471544715
0.957723577236
0.957723577236
0.956097560976
0.952845528455
0.952845528455
0.952845528455
0.951219512195
0.952845528455
0.951219512195
0.954471544715
0.956097560976
0.956097560976
0.952845528455
0.957723577236
0.954471544715
0.956097560976
0.959349593496
0.960975609756
0.960975609756
0.959349593496
0.957723577236
0.959349593496
0.957723577236
0.957723577236
0.957723577236
0.956097560976
0.956097560976
0.959349593496
0.959349593496
0.959349593496
0.959349593496
0.959349593496
0.959349593496
0.959349593496
0.959349593496
0.960975609756
0.960975609756
0.960975609756
0.960975609756
0.959349593496
0.959349593496
0.959349593496
0.959349593496
0.957723577236
0.957723577236
0.957723577236
0.959349593496
0.959349593496
0.959349593496
0.960975609756
0.959349593496
0.959349593496
0.959349593496
0.959349593496
0.959349593496
0.957723577236
0.959349593496
0.959349593496
0.959349593496
0.959349593496
0.959349593496
0.959349593496
0.959349593496
0.957723577236
0.957723577236
0.959349593496
0.959349593496
0.957723577236
0.959349593496
0.959349593496
0.959349593496
0.959349593496
0.959349593496
0.960975609756
0.960975609756
0.962601626016
0.959349593496
0.959349593496
0.959349593496
0.959349593496
0.959349593496
0.959349593496
0.960975609756
0.960975609756
0.959349593496
0.959349593496
0.959349593496
0.960975609756
0.962601626016
0.962601626016
0.960975609756
0.959349593496
0.959349593496
0.960975609756
0.962601626016
0.962601626016
0.962601626016
0.962601626016
0.962601626016
0.964227642276
0.964227642276
0.962601626016
0.964227642276
