0.31930284699
0.0
0.0
0.0
0.0
0.0
0.0
0.0
0.0
0.0
0.0
0.0
0.0
0.0
0.0
0.0
0.0
0.0
0.0
0.0
0.0
0.0
0.0
0.0
0.0
0.0
0.0
0.0
0.0
0.0
0.0
0.0
0.0
0.0
0.0
0.0
0.0
0.0
0.0
0.0
0.0
0.0
0.0
0.0
0.0
0.0
0.0
0.0
0.0
0.0
0.0
0.0
0.0
0.0
0.0
0.0
0.0
0.0
0.0
0.0
0.248572274631
0.870605778586
0.877564617793
0.868903083887
0.8681522061
0.873588138246
0.868765599222
0.876824315749
0.88337070096
0.886659757181
0.893639747874
0.887537543889
0.890498752062
0.896103896104
0.891746689792
0.892180295275
0.900841829181
0.907197851009
0.896590380304
0.899266043403
0.899456406785
0.905484580566
0.904627945345
0.905886458818
0.909291848217
0.911068573121
0.911184906299
0.908562121917
0.912094420238
0.912179026186
0.917837048945
0.917202504336
0.913955751089
0.916060324041
0.919285925801
0.9217183468
0.921633740852
0.919592622361
0.921062650704
0.920005076357
0.926170734803
0.920692499683
0.922342315665
0.921422225982
0.92351622319
0.92199331613
0.925398705529
0.925282372351
0.913976902576
0.909683150725
0.91423072042
0.918323533144
0.912411692542
0.918101442531
0.920417530352
0.92272304243
0.917392867719
0.915986293836
0.913627903042
0.913691357502
0.916832353314
0.913384660942
0.916187232962
0.918122594018
0.926392825416
0.921147256652
0.924764160921
0.927735944837
0.927979186937
0.927418672533
0.929385760819
0.932114302635
0.929629002919
0.929216548923
0.927852278015
0.928063792885
0.92351622319
0.924097889082
0.92372773806
0.924647827742
0.929227124667
0.928529125598
0.927048521511
0.92750327848
0.925832311011
0.927111975972
0.926424552646
0.933087271035
0.938650112103
0.93696856889
0.930591395575
0.939718262194
0.940056685985
0.952652396463
0.939358686916
0.948506705021
0.945101315622
0.946497313761
0.937645416473
0.929406912306
0.931331697618
0.935287025678
0.941494987098
0.938544354668
0.939104869072
0.938755869538
0.942013198528
0.938607809129
0.938660687846
0.938777021025
0.938565506155
0.937899234316
0.937560810525
0.939506747324
0.940236473624
0.940257625111
0.940268200855
0.939898049833
0.939390414146
0.939337535429
0.939855746859
0.939496171581
0.942341046576
0.942224713397
0.942256440628
0.942182410423
0.942637167393
0.939866322602
0.939940352807
0.943229409027
0.943197681797
0.942732349084
0.943356317949
0.942235289141
0.94317653031
0.945259951775
0.942975591184
0.945439739414
0.942034350015
0.942298743602
0.944858073523
0.945862769153
0.942859258006
0.943842802149
0.948517280765
0.948993189221
0.953033123229
0.945778163205
0.944519649731
0.94768179703
0.948887431786
0.947861584669
0.948104826769
0.950896823047
0.951002580481
0.950040187825
0.950156521003
0.949426794704
0.950082490799
0.948612462456
0.948527856508
0.945164770083
0.944921527983
0.945534921105
0.947279918778
0.946391556326
0.948580735226
0.945270527518
0.948432674817
0.945122467109
0.945989678074
0.946391556326
0.946349253353
0.946571343965
0.946846313296
0.946370404839
0.9466771014
0.949722915521
0.945619527053
0.945503193875
0.945841617666
0.942584288675
0.942584288675
0.943081348619
0.942541985702
0.942510258471
0.942309319345
0.942224713397
0.945333981979
0.948464402047
0.949722915521
0.94640213207
0.949828672956
0.950082490799
0.950643005203
0.950537247769
0.95316003215
0.953297516815
0.950516096282
0.950854520073
0.953445577224
0.956861542366
0.95690384534
0.947597191083
0.953974364398
0.953942637167
0.953699395067
0.949945006134
0.951034307712
0.950008460595
0.946973222218
0.953033123229
0.953382122763
0.955359786793
0.953360971276
0.95385803122
0.953773425272
0.954355091163
0.956512542832
0.954302212446
0.955021363002
0.953942637167
0.953963788654
0.953995515885
0.954238757985
0.954238757985
0.951584246373
0.954080121833
0.953540758915
0.954915605567
0.95815178307
0.958024874149
0.958299843479
0.958299843479
0.958299843479
0.958236389018
0.957823935023
0.951721731038
0.958183510301
0.954556030289
0.9483797961
0.951478488938
0.954566606032
0.954799272389
0.951753458268
0.951753458268
0.958204661788
0.958109480096
0.957993146918
0.951277549812
0.951489064681
0.951256398325
0.951806336985
0.952863911333
0.958320994966
0.952028427598
0.948876856043
0.948707644147
0.945831041922
0.95416472778
0.949892127417
0.946846313296
0.950219975464
0.95017767249
0.945905072127
0.949257582808
0.957823935023
0.955634756123
0.952504336055
0.951848639959
0.9483797961
0.952060154829
0.948549007995
0.95392148568
0.952017851855
0.947882736156
0.944593679936
0.947977917848
0.951753458268
0.950304581412
0.943948559584
0.943758196201
0.944064892762
0.940596048902
0.943652438766
0.940204746394
0.945439739414
0.948697068404
0.945704133001
0.944382165066
0.945556072592
0.945587799822
0.94439274081
0.945101315622
0.948263462921
0.948274038665
0.951341004273
0.946031981048
0.950717035408
0.949458521934
0.946338677609
0.947565463852
0.946412707813
0.94439274081
0.950917974534
0.950695883921
0.950759338381
0.950970853251
0.949617158086
0.949701764034
0.949500824908
0.949564279369
0.952927365794
0.952800456872
0.95261009349
0.95267354795
0.949564279369
0.949352764499
0.949363340243
0.949447946191
0.944773467575
0.944678285883
0.94591564787
0.949014340708
0.949014340708
0.947734675748
0.94917297686
0.947417403443
0.947491433648
0.947586615339
0.947502009391
0.948601886713
0.944445619527
0.949987309108
0.949987309108
0.950050763569
0.950040187825
0.949955581877
0.948707644147
0.948728795634
0.946941494987
0.946941494987
0.948802825839
0.948887431786
0.945598375566
0.948474977791
0.946603071196
0.946634798426
0.945450315157
0.945376284953
0.9486230382
0.948739371378
0.951806336985
0.944435043784
0.944297559118
0.945503193875
0.945598375566
0.944361013579
0.945460890901
0.947512585135
0.948813401582
0.948178856974
0.946804010322
0.945725284487
0.949151825373
0.953022547485
0.953329244046
0.949976733364
0.950008460595
0.950008460595
0.949945006134
0.951922670164
0.951954397394
0.950896823047
0.949194128347
0.952187063751
0.952419730107
0.952250518211
0.951943821651
0.952313972672
