0.647154471545
0.49918699187
0.49918699187
0.49918699187
0.49918699187
0.49918699187
0.49918699187
0.49918699187
0.49918699187
0.49918699187
0.49918699187
0.49918699187
0.49918699187
0.49918699187
0.49918699187
0.49918699187
0.49918699187
0.49918699187
0.49918699187
0.49918699187
0.49918699187
0.49918699187
0.49918699187
0.49918699187
0.49918699187
0.49918699187
0.49918699187
0.49918699187
0.49918699187
0.49918699187
0.49918699187
0.49918699187
0.49918699187
0.49918699187
0.49918699187
0.49918699187
0.49918699187
0.49918699187
0.49918699187
0.49918699187
0.49918699187
0.49918699187
0.49918699187
0.49918699187
0.49918699187
0.49918699187
0.49918699187
0.49918699187
0.49918699187
0.49918699187
0.49918699187
0.49918699187
0.49918699187
0.49918699187
0.49918699187
0.49918699187
0.49918699187
0.49918699187
0.49918699187
0.49918699187
0.49918699187
0.49918699187
0.49918699187
0.49918699187
0.49918699187
0.49918699187
0.49918699187
0.49918699187
0.49918699187
0.49918699187
0.49918699187
0.49918699187
0.49918699187
0.49918699187
0.49918699187
0.882926829268
0.879674796748
0.874796747967
0.881300813008
0.878048780488
0.878048780488
0.882926829268
0.884552845528
0.882926829268
0.884552845528
0.882926829268
0.884552845528
0.882926829268
0.882926829268
0.889430894309
0.886178861789
0.892682926829
0.894308943089
0.887804878049
0.887804878049
0.89593495935
0.89918699187
0.892682926829
0.89756097561
0.89756097561
0.90081300813
0.894308943089
0.89756097561
0.89918699187
0.89918699187
0.90406504065
0.905691056911
0.89756097561
0.90243902439
0.905691056911
0.90243902439
0.907317073171
0.90406504065
0.907317073171
0.907317073171
0.908943089431
0.907317073171
0.908943089431
0.907317073171
0.910569105691
0.912195121951
0.910569105691
0.907317073171
0.910569105691
0.910569105691
0.912195121951
0.912195121951
0.910569105691
0.912195121951
0.915447154472
0.918699186992
0.920325203252
0.918699186992
0.915447154472
0.917073170732
0.913821138211
0.915447154472
0.917073170732
0.913821138211
0.913821138211
0.918699186992
0.915447154472
0.913821138211
0.912195121951
0.913821138211
0.915447154472
0.915447154472
0.918699186992
0.913821138211
0.913821138211
0.915447154472
0.917073170732
0.915447154472
0.913821138211
0.913821138211
0.915447154472
0.915447154472
0.915447154472
0.918699186992
0.918699186992
0.917073170732
0.915447154472
0.921951219512
0.915447154472
0.920325203252
0.920325203252
0.921951219512
0.920325203252
0.920325203252
0.923577235772
0.923577235772
0.923577235772
0.921951219512
0.923577235772
0.926829268293
0.926829268293
0.926829268293
0.925203252033
0.923577235772
0.925203252033
0.928455284553
0.928455284553
0.926829268293
0.926829268293
0.928455284553
0.926829268293
0.923577235772
0.925203252033
0.931707317073
0.928455284553
0.933333333333
0.934959349593
0.933333333333
0.931707317073
0.933333333333
0.931707317073
0.930081300813
0.931707317073
0.934959349593
0.931707317073
0.933333333333
0.938211382114
0.933333333333
0.931707317073
0.931707317073
0.934959349593
0.934959349593
0.933333333333
0.936585365854
0.933333333333
0.938211382114
0.930081300813
0.928455284553
0.930081300813
0.930081300813
0.931707317073
0.930081300813
0.930081300813
0.933333333333
0.931707317073
0.933333333333
0.934959349593
0.933333333333
0.934959349593
0.938211382114
0.933333333333
0.930081300813
0.928455284553
0.928455284553
0.926829268293
0.933333333333
0.934959349593
0.933333333333
0.933333333333
0.939837398374
0.941463414634
0.941463414634
0.941463414634
0.941463414634
0.939837398374
0.936585365854
0.934959349593
0.934959349593
0.939837398374
0.938211382114
0.938211382114
0.938211382114
0.939837398374
0.938211382114
0.939837398374
0.938211382114
0.938211382114
