0.31930284699
0.0
0.0
0.0
0.0
0.0
0.0
0.0
0.0
0.0
0.0
0.0
0.0
0.0
0.0
0.0
0.0
0.0
0.0
0.0
0.0
0.0
0.0
0.0
0.0
0.0
0.0
0.0
0.0
0.0
0.0
0.0
0.0
0.0
0.0
0.0
0.0
0.0
0.0
0.0
0.0
0.0
0.0
0.0
0.0
0.0
0.0
0.0
0.0
0.0
0.0
0.0
0.0
0.0
0.0
0.0
0.0
0.0
0.0
0.0
0.0
0.0
0.0
0.0
0.0
0.0
0.0
0.0
0.0
0.0
0.0
0.0
0.0
0.0
0.0
0.877109860823
0.869294386395
0.861235669868
0.870605778586
0.871250898938
0.872699775794
0.87640128601
0.873958289268
0.867010025805
0.873260290198
0.870277930539
0.866375481196
0.865265028131
0.864736240958
0.871631625703
0.8676657219
0.875745589915
0.885517576886
0.877289648462
0.872752654512
0.882154490461
0.880420068531
0.87210753416
0.879129827827
0.883730276238
0.886120394264
0.887336604763
0.885887727907
0.890689115445
0.886448242311
0.889874783197
0.895141503448
0.880250856635
0.889927661915
0.89085832734
0.882989974195
0.896230805026
0.89356571767
0.891133296671
0.898018105673
0.895469351495
0.894157959305
0.8948136554
0.891609205127
0.892709082448
0.895966411439
0.887727907272
0.888552815263
0.886670332924
0.893586869157
0.899858285037
0.896706713482
0.896040441643
0.89380895977
0.904627945345
0.902671432802
0.911904056855
0.910603240408
0.90552688354
0.903475189306
0.901719615889
0.909714877956
0.907652607978
0.902364736241
0.901857100554
0.907980456026
0.907472820339
0.898991074073
0.898895892381
0.898821862177
0.901941706502
0.901888827785
0.908942848682
0.899636194424
0.906542154913
0.913754811963
0.908593849148
0.904638521088
0.901159101485
0.896833622404
0.904638521088
0.907948728796
0.915214264563
0.916800626084
0.916800626084
0.913659630272
0.907652607978
0.916345869115
0.913670206015
0.918101442531
0.917308261771
0.918154321249
0.918027412327
0.923854646982
0.920480984813
0.921157832396
0.921358771522
0.918143745505
0.924066161851
0.926530310081
0.926688946233
0.927757096324
0.922046194847
0.921422225982
0.919296501544
0.923949828673
0.924965100047
0.925747705064
0.926826430898
0.929142518719
0.92923770041
0.923896949956
0.928486822624
0.929597275688
0.918482169297
0.934842844452
0.937158932273
0.931955666483
0.928359913702
0.930929819366
0.934451541943
0.932156605609
0.920639620965
0.927672490376
0.927048521511
0.926329370955
0.930845213419
0.930517365371
0.924848766868
0.929787639071
0.927577308685
0.929999153941
0.928190701806
0.931141334236
0.924023858877
0.933055543805
0.928920428106
0.930591395575
0.935001480604
0.938057870468
0.932156605609
0.9349274504
0.932040272431
0.938279961081
0.937613689242
0.939739413681
0.935265874191
0.935921570286
0.943779347688
0.947882736156
0.938375142773
0.932748847244
0.929438639536
0.929745336097
0.92923770041
0.927059097255
0.929629002919
0.929438639536
0.933267058674
0.931997969457
0.935276449934
0.937158932273
0.930665425779
0.933827573078
0.930919243623
0.932114302635
0.930866364905
0.924996827277
0.930707728753
0.930549092601
0.933552603748
0.929766487584
0.9327382715
0.927661914633
0.929026185541
0.927968611193
0.930348153475
