131
122
128
139
171
176
184
167
230
251
190
200
259
246
184
221
242
192
237
194
222
221
188
228
221
233
222
226
194
257
230
231
215
250
239
196
225
238
269
234
292
268
255
296
284
203
192
236
245
276
247
258
262
251
214
230
260
237
268
222
234
227
232
266
230
248
236
272
249
214
270
178
245
267
267
172
271
241
287
268
286
270
258
270
194
228
268
281
273
262
269
237
264
257
278
280
219
246
286
216
307
260
284
267
259
358
261
266
244
258
303
276
302
269
271
218
282
257
283
282
273
285
237
287
255
253
309
271
263
330
275
243
255
288
324
304
279
227
292
307
290
322
287
287
302
288
304
287
313
280
289
306
275
324
338
280
297
309
287
310
281
319
269
316
303
342
315
338
299
361
293
285
288
262
304
314
290
264
325
327
292
312
261
333
277
319
298
263
298
305
295
305
322
294
306
300
272
243
351
309
272
268
289
301
332
280
295
290
287
289
273
289
295
296
313
320
326
283
281
323
314
337
276
195
302
252
335
325
302
335
286
305
322
285
295
312
288
324
325
336
296
326
287
366
344
343
346
388
388
313
343
292
322
