1 43739 23218 10285 53866 17870 15196
2 95795 53335 21036 79101 55537 19455
3 157468 77588 31369 142242 67435 27950
4 185770 96773 52671 185561 97623 45772
5 224946 122417 52109 227913 127360 59762
6 294647 159871 79731 274079 182410 65526
7 337944 207250 70004 283072 195962 81143
8 390559 231946 86362 353251 210408 97373
9 393276 231786 103157 399498 272431 97788
10 473822 315157 133435 456562 258361 117100
11 429693 308473 98532 498335 314522 120459
12 581966 348792 129974 520251 356758 135606
13 602180 390389 134047 576138 352410 113590
14 651789 412049 150451 587952 360169 156356
15 638327 352153 168460 675560 348536 187151
16 710656 431188 164375 668222 409319 155840
17 765096 422984 214450 676776 437662 177402
18 766708 494326 178215 776138 442354 178131
19 861292 529011 195026 841355 499473 211063
20 894033 517766 216499 822289 559830 207556
21 871754 588557 227602 908492 592101 214430
22 976257 649738 228328 973711 630651 193131
23 1006524 603207 220835 1044513 548747 240991
24 1022399 687461 255223 1025758 610312 269897
25 1053102 679091 244097 991974 689532 259028
26 1013438 679456 310446 1097286 665969 278199
27 1138288 797309 317089 1048404 710433 253984
28 1147054 761358 274009 1142342 765083 307092
29 1235789 767122 289517 1139565 846519 278088
30 1320767 833432 340732 1238766 875316 301897
31 1376129 820001 329981 1229198 840089 295280
32 1374247 931138 298183 1324042 863528 342915
33 1446893 909896 350555 1377608 909179 338485
34 1400434 927470 312677 1386757 970570 328731
35 1545683 971456 378566 1478314 976415 361216
36 1569232 949354 394411 1500334 973503 379696
37 1406427 974570 447906 1565414 960175 346122
38 1570071 1024867 384886 1610317 986543 404081
39 1676507 1058396 414386 1642037 954708 420092
40 1667791 983852 410633 1560074 1079819 385346
41 1632521 1042077 389275 1597504 1061901 448569
42 1692824 1226351 463925 1733188 1058547 404764
43 1784746 1169765 448953 1658367 1109808 499449
44 1900415 1150561 506289 1791839 1191056 529251
45 1884805 1141430 410885 1687277 1185502 514770
46 1923484 1256587 464427 1829748 1161801 496394
47 1930979 1263969 473894 1841950 1268506 477869
48 2016610 1260083 510324 2046753 1260865 469831
49 2087175 1302804 571134 1815370 1266770 520958
50 1924259 1260780 494472 2109441 1270642 424128
51 2109350 1383757 539649 2058824 1413236 535390
52 2134965 1401647 573149 2103586 1273417 501842
53 2129085 1349753 509402 2173422 1354255 591200
54 2123484 1406632 523293 2183273 1382741 522608
55 2214242 1392229 571023 2138959 1299187 598142
56 2410953 1636871 700631 2265061 1338884 618774
57 2434809 1523114 633061 2261764 1407709 565614
58 2323725 1528746 638084 2387981 1440328 548189
59 2441899 1499470 531822 2396374 1661222 582437
60 2522342 1665469 640487 2227108 1608854 577710
61 2388110 1530209 657826 2476949 1565950 633961
62 2389547 1504278 713656 2398307 1518067 665876
63 2504171 1616948 642856 2499720 1616895 561389
64 2682220 1699593 599666 2559815 1643349 611895
65 2720959 1774665 607405 2576423 1745048 626058
66 2876271 1613937 666398 2574488 1797093 639330
67 2656068 1605437 737099 2652009 1672166 697296
68 2831160 1783972 677008 2741265 1790757 681559
69 2659548 1676596 677999 2749398 1869827 640004
70 2781424 1806107 727972 2643476 1859947 685283
71 2855009 1860367 629433 2930413 1827723 769259
72 2860774 1858229 659801 2796652 1738388 781612
73 2855324 1929200 667558 2779318 1929104 720794
74 2862906 1972100 731309 2600917 1920297 667048
75 2994498 1898039 867027 2966403 1880278 826268
76 3040798 2098010 826736 2901557 1975330 734649
77 3052598 1979299 705200 3031868 2015862 840457
78 3165947 2071318 695048 2931782 2116087 768034
79 3158476 2100075 878802 2953617 2045503 792275
80 3135662 2176255 795407 3020685 2000031 726907
81 3087401 2074985 698336 3080436 2082761 737115
82 3104242 2197820 738647 3299215 2107621 833901
83 3177583 2099312 786758 3211559 2045113 786459
84 3197475 2336363 881810 3065062 2034182 766743
85 3263402 2188625 860653 3608731 1981251 807077
86 3353481 2163617 804093 3183773 1982461 739336
87 3200583 2084357 878077 3239836 2155700 924234
88 3365148 2214091 843005 3298247 2115922 1016419
89 3278014 2388960 989093 3396390 2124292 851056
90 3619295 2307710 901604 3252184 2426808 823659
91 3578086 2156643 986655 3593973 2290500 961104
92 3406654 2359201 821891 3327125 2124712 867400
93 3430452 2401046 928483 3245856 2208051 897515
94 3546296 2457948 1113134 3447504 2324968 968392
95 3576050 2618115 951700 3388999 2346756 964775
96 3607919 2512177 935985 3569142 2264466 904407
97 3657353 2395925 860145 3564718 2244455 988315
98 3931178 2390178 921968 3635316 2449336 1010752
99 3686564 2383514 1022042 3617937 2361805 871011
100 3878086 2591575 1050148 3569584 2495051 993020
101 3865454 2560696 1066988 3946993 2510987 1043494
102 3870202 2545380 980091 3645387 2535061 898467
103 3922799 2620257 934411 3764190 2166048 1133134
104 3731159 2281762 1111235 3828844 2544228 995151
105 3937988 2595995 1123368 4217922 2659082 915523
106 4042757 2810718 1020700 3927014 2549407 1153668
107 3838342 2756818 1002355 3960814 2494408 944355
108 3911284 2623677 1010928 4077327 2678815 990197
109 4151330 2522371 1100885 4318414 2672049 1067182
110 4295375 2705916 1166426 4084618 2757306 1016893
111 4219161 2848176 1195244 4014873 2803781 1083884
112 3987711 2625167 1015791 4066566 2561625 1103100
113 4249925 2792101 1030582 4231068 2760884 1221522
114 4316456 2745458 1104920 4653369 2709324 1114467
115 4308560 2861812 1073209 4439238 3005486 1244960
116 4375686 2797538 1057320 4526843 2857242 1163880
117 4145641 2606424 1098661 4331544 2629975 1046800
118 4543768 2860477 1069501 4310126 2851305 1140467
119 4600001 2924155 1107147 4440499 2946059 1185132
120 4087063 2847967 1117311 4587316 2937983 1193531
121 4776339 3118111 1190898 4735985 3009378 979438
122 4308136 3037046 1173525 4262025 2966205 949607
123 4546584 2891572 1092211 4639628 2769083 1056385
124 4615289 2891358 1110302 4846152 3303223 1290477
125 4813327 3180042 1230116 4499672 3198615 1179711
126 4884721 2835769 1136011 4674783 3251560 1194289
127 4936794 3018298 1373627 4639521 3171328 1256687
128 4671534 3301576 1227748 4525318 3164403 1182416
129 4447979 3027915 1197889 4901811 3208458 1360510
130 4995446 3222269 1212446 4544992 3107371 1235922
131 4633732 3386220 1266017 4876093 2894332 1175854
132 5191818 2823621 1254605 4857410 3084714 1214446
133 4780388 3111576 1261672 4825354 3464720 1203028
134 5213923 3273376 1363475 4565980 3317359 1117436
135 5139107 3489598 1427972 4958455 3206246 1355715
136 4884455 3113274 1518452 4854894 3298196 1225555
137 4935801 3479664 1243833 5125015 3373124 1440925
138 5422674 3308438 1348454 5122243 3349285 1275365
139 5245210 3242834 1264160 4854070 3479011 1386211
140 5460881 3495225 1697820 5078486 3444999 1289278
141 5120598 3501020 1310319 5227753 3628913 1219089
142 5000751 3386243 1302735 4940932 3276822 1250272
143 5482473 3460223 1415094 5598853 3433202 1368674
144 5425933 3327516 1502696 4989147 3671291 1216131
145 5050126 3592822 1239146 4836612 3455943 1446024
146 5517789 3684313 1466702 5534085 3245533 1454212
147 5641035 3708952 1397945 5349418 3704251 1326527
148 5488009 3773741 1459199 5199407 3430149 1613023
149 5047362 3556959 1412644 5683945 3209381 1235384
150 5300456 3498230 1304272 5424936 3521897 1397613
151 5417823 3810171 1635587 5334006 3499783 1580059
152 5230061 3548192 1354457 5461613 3298993 1392657
153 5586365 4035032 1532519 5525843 3540805 1460837
154 5305753 3493078 1442593 5678723 3602841 1354165
155 5539094 3687810 1661234 5654299 3589779 1283133
156 5679462 3545051 1553737 5711433 3555767 1453105
157 5701801 3607222 1520814 5794782 3601360 1566763
158 5920457 3623597 1405275 5847963 3887099 1476586
159 5675786 3821206 1664023 5656984 3679220 1284871
160 5405201 3774173 1489934 5706879 3919446 1361510
161 5751754 3907718 1364860 5256528 4348705 1369797
162 5885984 3834040 1441552 6280425 3545367 1396003
163 6379274 3877783 1465129 5891423 4099122 1483131
164 6310323 4083457 1677916 5748919 3887818 1679890
165 6179812 4243639 1690079 5894694 3947237 1720211
166 6542554 4138437 1678140 5648267 3534638 1638889
167 6225432 4312214 1394985 5956762 3992877 1525722
168 5867141 3889348 1567555 5724532 3586177 1505371
169 6018536 3936220 1638099 6107873 3627758 1513713
170 6327128 3966031 1579237 6091185 4301798 1667478
171 6227807 4119566 1592314 5996904 3927814 1711550
172 6216611 4180249 1552396 6044173 3871351 1446593
173 6304912 4204280 1532878 6123223 4181618 1753447
174 5985732 3894534 1617898 5880096 3859732 1693227
175 6000321 4431689 1793924 5944577 3940247 1584974
176 6610618 4348177 1821214 6400897 4079562 1638633
177 6412720 4407007 1700514 6272615 4157918 1667982
178 6370162 4537268 1780398 6462510 4291936 1779998
179 6474732 4319909 1675806 6635010 4533085 1514170
180 6326212 4575773 1468064 6535375 4514972 1570399
181 6693842 4177215 1713887 6598432 4487588 1706462
182 6323365 4091673 1622965 6564371 4306726 1525939
183 6499569 4526174 1690093 6457808 4348583 1575950
184 7117469 3814462 1566953 6764739 4823608 1852525
185 6484326 4172433 1740535 6608531 4643417 1876253
186 6744826 4430972 1791481 6628561 4060739 1804501
187 6840624 4719866 1602735 6577605 4063154 1734728
188 6513033 4773078 1757804 6569385 4716012 1777747
189 6836200 4557490 1508598 6393831 4392211 1451901
190 6731193 4984212 2066294 6953983 4796718 1663109
191 6732953 4458867 2020454 6363004 4590904 1718332
192 6582676 4816992 1702335 7233632 4691246 1706053
193 6833497 4585478 2062765 6461361 4558712 1694670
194 6898762 4999508 2017166 6966844 4249344 1726201
195 7115802 4737023 1773427 6759816 4719657 1812900
196 7522064 4659335 1725429 6857422 4775235 1695025
197 6848322 4603903 1806561 7230937 4717594 1708803
198 7130224 5210136 1851199 7333489 4426843 1624393
199 6921661 4436603 1784116 7057908 4520000 1859621
200 7200245 4853668 1490802 6659886 4784065 1754524
201 7363259 4462014 1847100 6432076 4509989 1789677
202 6699647 4728656 1587265 6896569 4370859 1809303
203 7063109 4346413 1841780 6720200 4741540 1727249
204 7156434 4995778 1899070 6750695 5050180 1872705
205 7332244 4818609 1788145 7147064 5029415 1709957
206 7531878 4978741 1908435 7370500 4894611 1810607
207 7341150 5006084 1785384 6994516 4696688 1792058
208 7178128 4587032 1918160 7104372 4934381 2034783
209 6999680 4967543 1935507 7720715 4999437 1970287
210 6982545 4885449 1995483 7452918 5132484 1830282
211 7100064 4700510 1947617 7650904 5033901 1997958
212 7300310 5287140 1797022 7514271 4737221 1933862
213 7420072 4882031 1949472 7327274 4845500 1986985
214 7193518 5101545 1876145 7173721 4533937 1798022
215 7343598 4603914 1919843 7811323 4625447 1639204
216 7290770 5260805 2071479 6708330 4774480 2312335
217 7634482 5010865 2135573 7638405 5101585 1805346
218 7369844 4996388 2126122 7776151 4924359 2158751
219 7584531 5675744 2164033 7747244 5428372 1968712
220 8401218 5506628 2059034 7422463 5276698 2132786
221 7313537 5178719 2144017 7657960 5349589 2326277
222 7701579 5671644 2143272 8056796 4700831 1964914
223 7725485 5672643 1700613 7240802 5069237 2095417
224 7573109 5222289 1848062 7662439 5069921 2141075
225 8123238 5230541 2203981 7800834 5422066 2012052
226 8335075 5239530 2200497 7268819 5410403 1999230
227 8320550 5235935 2243961 7712535 5276294 2042599
228 8244211 5116992 2343057 8537835 5372490 1824176
229 8287266 5396798 2216960 7677542 4941923 2081327
230 8128872 5555199 2027312 7851942 5266288 1918156
231 8060501 5433658 2415846 7780268 4930697 2029189
232 8428012 5112504 2001956 8055839 5536383 2250527
233 7600066 5599771 2139160 7454865 5087171 1896423
234 8148087 5791971 1936095 8341474 5141572 1919727
235 8592610 5531979 2243751 7521316 5438743 2170784
236 8015323 5475549 1911978 7892489 5790990 1934749
237 8229427 5775916 2022710 8195382 5374761 2235623
238 8238032 5353914 1908952 7813370 5251295 2404487
239 8093066 5873101 2235940 8125398 5272078 1991827
240 8566873 5472787 2314171 8524036 5193881 1980698
241 8307979 4755300 2261933 7732858 5228064 2152854
242 8835841 5600294 2338756 8403177 5357413 1915937
243 8611379 5238298 2068490 8322997 5629265 2131434
244 7948274 6219054 2342540 7932573 5425650 1947244
245 8773742 5708671 1992008 8198393 5254633 2135649
246 8572314 5602949 2371252 8331409 5144265 2201817
247 8581303 5071649 2411407 8002694 5827843 2439174
248 8153657 5518738 2382652 8086315 5741285 2444679
249 8656132 5668541 2171441 8635067 5606811 2211249
250 9006112 5658430 1999828 8463856 5693669 2195412
251 8128106 5357215 2395863 8538545 5736596 2034101
252 8566425 5631188 2372697 8305495 5914765 2326587
253 8485192 5959035 2125616 8424218 5428980 2352789
254 8601388 6044149 2198433 8644005 5681410 2396277
255 8637606 5768232 2319746 8194529 5154812 2042516
256 8742919 6020278 2440926 9145685 5874954 2400702
257 9147082 5870965 2256418 7999507 6039003 2417206
258 9259740 5753058 2282920 9146765 5537297 2132821
259 9636158 5741547 2366212 8363062 5499872 2294472
260 8818272 6219356 2426859 8054292 5890725 2522540
261 8806351 5626577 2239011 8685451 5635064 2462099
262 9586838 6216830 2186587 8559116 5781261 2381269
263 9288692 5869425 2392490 9394003 5877291 2343733
264 8887054 5740280 2265503 9135727 5842815 2544702
265 9111549 6265459 2346231 8619939 6095806 2287828
266 9358508 6210756 2370731 9169264 5308189 2294687
267 9412674 6176453 2309042 8714690 5734862 2377624
268 9037423 5806656 2379605 9127467 5913580 2755221
269 9414889 5951415 2248379 8360389 6409474 2164578
270 8939848 5965032 2441961 8196232 6108419 2369635
271 8927699 6338564 2416468 9513760 5743352 2208255
272 9612025 6014163 2968847 9216393 6756009 2108941
273 9361443 6592022 2471882 9182240 5763992 2718827
274 9274503 5777755 2567114 8544347 6013326 2437278
275 9281200 6099861 2428787 8735127 5682404 2401427
276 10114154 6084701 2418807 9085995 5860499 2300361
277 9173622 6923283 2460507 8982969 6642193 2429503
278 9345349 6324788 2449703 9134747 6010811 2195285
279 9968585 6932784 2711148 9306673 6481748 2291251
280 9085468 6003974 2608341 9714872 6586515 2338494
281 10027387 6565767 2256516 9872151 6710822 2593033
282 9508436 6330299 2698824 9791390 6341023 2250128
283 9775609 6757312 2497472 8874159 6345234 2467425
284 9819426 5507701 2416437 9970900 5624985 2107056
285 10120534 6463494 2384028 9212320 5965265 2343885
286 10126446 6317363 2695089 9757181 6882122 2491658
287 9812378 6311465 2428783 9581189 6657294 2755399
288 9461766 6852395 2708511 9604196 6240884 2906836
289 9337863 6316303 2651152 9284950 6600655 2688754
290 10050095 7030573 2554760 9305809 6780835 2151146
291 10638971 6913610 2747333 9224513 6276655 2306446
292 10309651 6785589 2505496 9606969 6452466 2525704
293 8767132 6757063 2871880 9862834 6791557 2571827
294 10271605 6706501 2263717 9706384 6263603 2571852
295 10021593 6455913 2160871 9937293 6453034 2498513
296 9685882 6620813 2659473 9379296 6280598 2464002
297 10359721 6232457 2794908 9341647 6145232 2871441
298 9704759 6857198 2792068 10342912 6361460 2509522
299 10064842 6796786 2664166 10280159 6051233 2477862
300 9756243 7809504 2733370 10085930 6401368 2803226
301 10603570 6444397 2699094 9652882 6646704 2281115
302 10498706 7157206 2694720 9240465 6813930 2477698
303 9688266 6608737 2990338 9323690 6355357 2465395
304 10501291 6637920 2387126 10303717 6481289 2732483
305 10494730 7020388 2647380 9497034 7558711 2710412
306 10037105 6635972 2649026 10314179 6646795 2391092
307 11051259 7432216 2522710 10329379 7247333 2533783
308 10242647 7492727 2660053 10375089 7098000 2587256
309 11076345 6674692 2694272 10505820 6282122 2964714
310 10498127 6983308 3054694 10036278 6219302 2607537
311 10440263 6572072 2794482 10049340 7113983 2633670
312 10444203 6620275 3157033 10609700 6389068 2711783
313 10480357 7081582 2284722 10531899 6787688 2784996
314 10553794 8030672 2731616 10629418 6801585 2532009
315 10133444 6665261 2752093 10154911 6832529 2294778
316 10577812 7229086 2548405 10281318 6784807 2540911
317 10444208 7474627 3063458 9925974 6680260 2988448
318 10739706 7771626 2853287 10819070 7922279 2851667
319 10113446 6606599 2678707 11024509 7299276 2727760
320 10763962 7418668 3275054 10507935 7188040 2640457
321 11135906 7601568 2728575 10560189 7158078 2629348
322 11367979 7072709 2849528 9501823 7089215 2654717
323 10663804 7341384 2986553 11258411 7385540 2734138
324 10730314 7750283 2464572 10686010 7028347 2898345
325 10683785 7107276 2929279 10522310 7401360 2595881
326 11393366 7263886 2839117 10501305 7002370 2926539
327 10953968 6689888 2980446 11001447 7145786 2713834
328 10502509 7513757 2822930 11974124 7328423 3007969
329 11865774 7383749 2737338 11070825 7307502 2937047
330 11438199 6734610 3127160 10367026 6900558 3106087
331 10932692 7196361 2932022 11186708 7412346 2827725
332 10434727 7480274 2687987 10432427 6910953 2986612
333 10781904 6882105 3033702 11934889 7250985 2627952
334 11176191 7280536 2878503 10392829 6590344 2454243
335 11114539 7385527 2987097 10990416 7579608 3064243
336 11691336 6494549 3002330 10484047 7326185 3417278
337 11382509 7857688 2734388 11052738 7023304 2824491
338 11310475 7388335 3148366 9896432 7497334 2770704
339 11971835 7835303 2730027 11220690 6837352 2441056
340 11690561 7215634 3501059 10391032 7714109 2881184
341 11339295 7525778 2763534 10452595 7300804 3037182
342 11201420 7865020 3183549 10638887 7357936 2718403
343 10964471 8267950 3052182 11498830 8209570 2910717
344 11518230 7693337 2731109 11158837 7369037 2946455
345 11691068 7729158 3195747 10667940 6793071 3216376
346 12192810 7684530 3504588 11405869 7981318 3030964
347 11021138 7961285 3167464 11202167 7914328 2842653
348 10979271 7731976 3009816 11310334 7881517 3122706
349 12047954 8184530 3079623 11908182 7255186 3094598
350 11691033 7689414 3278379 11309314 7253220 3131798
351 11334999 7743858 3016202 10927538 7863967 2974874
352 11050903 7544082 3306492 11930284 7940206 2802590
353 12412670 8356190 3244885 11023595 7376444 2981124
354 11745327 8301688 3029145 11358771 7728687 3123508
355 11604806 7360730 2984080 11561921 7885166 3461615
356 11511485 7445895 3483440 11374379 8238222 3201825
357 12083957 7931901 3344043 11582143 7675737 3328207
358 11755816 8419029 3368259 10967338 7883820 3373324
359 11359835 7778782 2895763 11677280 8024783 3038447
360 12092092 7954304 3075670 11560487 8350984 3282432
361 12007715 7995978 3096643 10798288 8049842 3515206
362 11842953 7692841 3048450 11289470 7674129 2780723
363 12250515 8486153 2996961 11482193 7811543 3057884
364 12004476 7428353 2895019 11722659 7817897 3183193
365 11265158 7831796 3027160 11118980 8153884 2824302
366 12441998 8113857 3219860 11864090 7781565 3027102
367 11633864 8056167 3186932 11927799 8611082 3073399
368 13323287 7707723 2992813 10946958 8405457 3270792
369 12501727 7849904 3233639 11931532 7419386 3047716
370 12321598 8458040 3415830 11129074 8162540 2956677
371 12858168 8814017 3625902 11781557 7727759 3202775
372 11445488 8235539 3565039 12387109 7418434 3718271
373 12737979 8746866 3554969 12501547 7990669 3319285
374 12594385 8104406 3221585 12390318 7907682 3617292
375 12006943 8642098 2937683 11785481 7780071 3168816
376 12139512 7973113 3087662 12280182 8522107 3330631
377 12580664 8073740 3326740 12445514 8372383 3190635
378 12309360 8012612 3431074 11014256 7935008 3391966
379 12758042 7735201 2991684 12056336 7846333 3228796
380 12684824 8294840 3169037 12303053 7691198 3131547
381 12102974 8140935 3346624 11548567 8607862 3089880
382 12952494 8385177 3310518 12666058 7796776 2974074
383 11829934 8679761 3431770 12230342 8696739 3349374
384 11325660 7977396 3190628 12184979 9002206 2991445
385 12201890 8607282 2961624 12790914 8961064 3389013
386 12789633 8318528 3257445 11853246 7944085 3173591
387 12672882 8346816 3293713 12041704 8162056 3114760
388 13301123 8856804 3635575 12421488 8444618 2923365
389 12603965 8876681 3272911 12230812 8550961 2886687
390 12571709 8698643 3420942 12578445 8354403 3448691
391 12454770 9188161 3838453 11894146 8391155 3228150
392 12820599 9495883 3359669 12660311 8847295 3092609
393 12887482 8005509 3611269 12775003 8452739 3418422
394 12605074 8500367 3541595 12715228 8742213 3104035
395 12662785 8719953 3525688 12671451 8737449 3660923
396 12926204 9010256 3504983 12034424 9214426 3503413
397 12800328 8573454 3571056 12025185 8105884 3711983
398 12805587 7986004 2837766 13241627 8709319 3596465
399 13486724 8579932 3796904 12500032 8610409 3100520
400 13654983 8601530 3592317 12407770 8615707 3502393
401 12604056 9059282 3621624 12410763 8859069 3315467
402 13067393 8034718 4014571 12042785 7875856 2968145
403 12679329 8851028 3575978 11654500 9107386 3276653
404 13704185 10098671 3205952 13168282 8104102 3320457
405 13331663 8538398 3333615 12901226 9245350 3303976
406 13796259 9449737 3856200 13821968 8615508 3330036
407 12743613 8748026 3661478 13131830 7748568 3607337
408 13861382 8939871 3718237 13000753 9221017 3205994
409 13291654 10233423 3736597 12913431 8605360 3452629
410 12424686 8890171 3611679 12808841 9305949 3826801
411 13792491 8720271 3504099 12834310 7968524 3550113
412 13852013 9269795 3769757 13534254 9262373 3346831
413 13304217 9155502 3299970 12409126 9119800 3554488
414 12814515 8956724 2978405 13307824 8854226 3220488
415 13736007 8655090 3635339 13358083 9146814 3480157
416 13942523 8679860 3482935 13086226 8925865 3352320
417 13512428 8921886 3458688 12954811 8869696 3336714
418 14311596 8752203 3534754 12490818 8988116 3555787
419 13848889 9859591 3457933 13216789 9173217 3472878
420 13379535 9783831 3843760 13821455 8183565 3253730
421 14230059 9408281 3750264 14143052 9352792 3671190
422 14304881 10058330 3528290 12825118 8779524 3499095
423 14037966 8983702 4115501 14048285 9042510 3823158
424 13507304 9321996 3273331 12819670 8589870 3592776
425 14491898 9803111 3590760 12877132 8669650 3652963
426 14633699 10646076 3559264 13474166 9217179 3247478
427 13653792 8949078 3248176 14106840 8911232 3850337
428 14391013 8946835 3654468 13237589 9643669 3581859
429 13911806 9952688 2932204 12997189 9915425 3536270
430 14241540 9295746 3692507 14360779 9373247 3688876
431 14142266 9234820 3654226 14474760 9182229 3738945
432 13062275 9126898 3610668 13847023 9492346 3739233
433 13752025 9008975 3745276 13471584 9310093 3801537
434 14183836 9702025 3720732 13420887 9681947 3126693
435 13701830 9571587 3630689 14064225 9733030 3448118
436 14823589 9434175 3923620 14847910 8655156 3670419
437 13871287 10252820 3663656 13737477 9368964 3461584
438 14398625 9381575 3532147 13222794 10021777 3728978
439 14148212 9409288 4046238 14235610 9353293 3716670
440 14739545 10527419 3519569 14090873 9725401 3782044
441 15108551 9837159 3997346 14013898 9256511 4112883
442 14399338 10071393 3649532 13536906 9090818 3427920
443 13975575 10326076 3684914 14148158 9806740 3828263
444 14244826 9562347 4155717 13806423 9997392 3274176
445 15627839 9943643 4202012 14428107 9486541 3490854
446 13963742 9258652 4134201 14067733 9198640 3796544
447 14888626 9704883 3882193 14198773 9498341 3445474
448 14548687 9429185 4320799 13778395 9135395 3386757
449 13972227 9278629 3948969 13702693 10228460 3961357
450 13824131 9469827 3462070 13975591 10396998 3189387
451 14545029 9970452 3881190 14808243 8907752 3597849
452 13771506 9606654 4060842 13912721 9986709 3967756
453 15198096 10184154 4226510 14614534 9489360 3882452
454 15602543 8638585 3893165 15164769 9563897 3726974
455 14337760 10648738 3659337 13387216 9138182 3660602
456 14510352 9991068 4185130 14998099 9719983 3794363
457 15076873 10295441 3965625 13677760 10052729 3673423
458 15136742 9929745 3944534 14401008 8729979 3068514
459 14616082 9875158 3951176 14622000 9897373 3497919
460 15068426 10127970 3846121 14621736 9612357 4278432
461 14935418 10218076 3561752 14247536 9262709 3576211
462 14948877 9756448 3409302 14365508 9627559 4026597
463 14988522 10492186 4357083 15339545 9303686 3989152
464 15896294 10062422 4074244 14712175 10092523 3560433
465 14338896 9168829 4176026 15056139 9759203 3478838
466 14270978 9981572 4187793 13834805 10486503 3983560
467 15185881 10105331 3853430 12845525 9174084 3895774
468 14340660 10256200 3579251 14827225 10015684 3637756
469 15265572 10313787 3664678 13670310 10230759 3870964
470 15101819 10662216 3814176 15115876 10391800 4192169
471 14790793 10331284 3702463 13608352 10069836 3994874
472 14804238 10174075 3310192 15095495 9458322 3408931
473 14894561 10323499 3853387 14499599 9812785 3885320
474 14807421 10896150 3597014 14979730 10120251 3923290
475 16240275 10292399 4456323 13927790 9919067 3619638
476 15816831 10631340 3753044 14243836 10016914 4047911
477 15551378 10492161 4020080 14247338 9738889 4138327
478 14693987 11194889 4117852 15467920 10310987 3346091
479 14867233 10218031 4275342 14895605 10610202 3945502
480 15882198 10385243 4251570 14408749 10364292 4470579
481 14744967 9790558 4254040 15442194 10804137 4800315
482 15974572 9957603 4800977 14948336 9638371 3989574
483 15876231 10129857 4436046 14692002 8852074 4208896
484 16433250 9396166 4201932 14906227 9477752 3639076
485 15295224 10389522 3660396 14402889 9811389 3883276
486 15413726 10715282 4325862 15864345 10099951 4004552
487 15324130 10282420 4091880 15682226 11382519 4248081
488 15396667 10258716 4354387 15813628 9757931 3812171
489 16197891 10346537 3985210 15960719 10441968 4117965
490 16034598 9653372 3908595 15103113 10253423 3369819
491 15678441 10463503 3218463 14096821 10026946 4086633
492 16245419 10762268 3946004 15655255 10197078 4127797
493 15676504 10835570 4291315 15250864 9505141 4180061
494 16488951 10747814 4695890 15456291 9974110 4043799
495 16090643 10232929 4125141 15160562 10619219 3674905
496 15829011 10097678 4139043 15726850 11086483 3460705
497 15626289 10451251 3696982 16568092 9796041 3892202
498 15815832 10828509 4457187 15918003 8623096 4183294
499 15755526 10709704 4235846 14236024 9927462 3781235
500 15358915 11606893 4150431 15940168 10435020 4108174
501 15830085 10872617 4065661 15800556 10300340 4700645
502 15515979 10782364 4102623 15218576 10174331 4349227
503 15774585 10521038 4133930 15938353 9919284 4468447
504 15441598 10723179 4540937 15069567 10072425 4155242
505 16155668 11107243 4205955 16298828 10071761 4288792
506 16025394 10944605 4304457 16724443 11080899 4013756
507 16613664 10419275 3807800 15309719 9936146 4645303
508 16237105 10129455 4432448 15205845 11237418 3529210
509 16291078 9942894 4093342 15657889 10685533 4229802
510 17009674 10906960 4361461 16017775 10632277 3959299
511 16846517 11730496 4287583 16750797 10479864 4039663
512 16379828 10864204 3992146 15232586 11358512 4474806
513 16273554 11385004 3796040 15909692 10296785 3722731
514 16961891 10984754 4390927 15861174 11229325 4173663
515 16616811 11059994 4349530 15903473 10166571 3673108
516 17161968 11066164 3873038 16067045 11421920 4165708
517 15651104 11826277 4532770 15561730 10524215 4242988
518 16578161 12023113 4752894 16343214 9857814 3692578
519 16627479 10693204 4592314 14338146 10133305 4402115
520 17119753 11044562 4056472 16697441 11514839 4326424
521 15423460 10478434 4683004 17042686 10608997 4185272
522 16119182 11174295 4351951 16835019 10721271 4209977
523 15806490 10865167 4387888 15038027 11298640 3979509
524 16299759 10613712 4192831 16476694 10915088 4312716
525 15766545 11381438 4537453 17131664 10410820 4263681
526 15923157 10701574 4643829 16239940 11138918 4403223
527 17070755 10765878 4952021 15570508 10991656 4831782
528 17116274 11615819 4204379 15681478 10713408 4388497
529 15936559 11213478 4810367 16504056 11424225 4525469
530 15472412 11090338 4059724 16999326 11609181 4314765
531 17056584 10613492 5174412 16199501 10954381 4406618
532 17620324 10991518 4668007 15145930 10237137 3534064
533 15412479 10668645 4031732 16338330 10478113 4160286
534 16839206 11115250 4335437 15705090 11235217 3967867
535 17132025 11085376 4214724 17643185 12050831 4577238
536 16751438 10855808 4775011 16572498 10524876 3877694
537 16478403 11375158 4839134 16406612 11354769 4977548
538 16943454 10659735 4778800 17029948 10238752 5098811
539 17099370 11307163 4353443 16332836 10982567 3937437
540 16823338 11368668 4689778 15930821 11780231 4688718
541 17506583 12115457 4672567 16849822 10587287 4510371
542 16499113 11243805 4808265 16960978 10555514 4458791
543 16820063 10845261 4433964 16659490 10966461 3462286
544 16548270 10577210 4537758 16520761 11587215 4638684
545 17431073 11928548 4537701 17540797 11828198 4599156
546 17532902 11715397 4510111 16063831 12025430 4492644
547 16220331 11818935 4359853 16904325 11418874 4232187
548 16895888 11660445 4520956 16656331 11512789 4509183
549 16990436 10327066 4755011 16325462 11081491 4290022
550 17128321 10790297 4114595 16881499 10939021 4778919
551 16840017 11845638 4114040 16538190 12113785 4145233
552 18725221 11416411 5046440 16109592 11238567 4564164
553 16999303 12026021 5254174 16995214 11182993 4183983
554 16734259 11039430 4121546 17373267 10849823 4301029
555 17517713 12115238 4328413 15782966 12427655 4097039
556 17698232 10409254 5082841 15966726 12438665 4400703
557 18425372 11759654 5102386 17133956 11330750 4811653
