1 -0.00903312 -0.00942223 -0.01861655 -0.01088743 -0.00638103 -0.02230729
2 -0.01228285 -0.01348575 -0.02525210 -0.01133991 -0.01359267 -0.02208484
3 -0.01408646 -0.01403875 -0.02688134 -0.01340084 -0.01400457 -0.02594174
4 -0.01404998 -0.01562087 -0.02886341 -0.01357210 -0.01496384 -0.02801353
5 -0.01407101 -0.01612166 -0.02798242 -0.01406262 -0.01559892 -0.02804389
6 -0.01466182 -0.01659384 -0.03009079 -0.01440806 -0.01730939 -0.02842649
7 -0.01478947 -0.01659847 -0.02818969 -0.01458987 -0.01658954 -0.02992479
8 -0.01488066 -0.01727804 -0.02872300 -0.01440817 -0.01738631 -0.02967561
9 -0.01453389 -0.01678354 -0.02964193 -0.01467971 -0.01787909 -0.02956346
10 -0.01507648 -0.01856808 -0.03019689 -0.01465137 -0.01727760 -0.02951281
11 -0.01473579 -0.01716785 -0.02729906 -0.01514813 -0.01741318 -0.02924298
12 -0.01549447 -0.01811025 -0.02991955 -0.01479889 -0.01812664 -0.03000796
13 -0.01523589 -0.01796635 -0.02977597 -0.01532680 -0.01836711 -0.02854562
14 -0.01541525 -0.01816083 -0.03041586 -0.01539019 -0.01759791 -0.03015569
15 -0.01500660 -0.01713259 -0.03002643 -0.01557009 -0.01793376 -0.03102287
16 -0.01489883 -0.01773628 -0.02971513 -0.01530823 -0.01792027 -0.03022551
17 -0.01563678 -0.01770890 -0.03121882 -0.01521582 -0.01823396 -0.02963893
18 -0.01510650 -0.01881548 -0.03015843 -0.01547675 -0.01806938 -0.02912814
19 -0.01568834 -0.01773965 -0.03093837 -0.01538224 -0.01805937 -0.03045607
20 -0.01559476 -0.01844112 -0.03061284 -0.01535562 -0.01799015 -0.03097419
21 -0.01542684 -0.01799704 -0.03051608 -0.01558217 -0.01785265 -0.03027457
22 -0.01553438 -0.01843512 -0.02967692 -0.01580402 -0.01848157 -0.03070628
23 -0.01547182 -0.01833442 -0.03041360 -0.01565278 -0.01750124 -0.03039762
24 -0.01544483 -0.01844170 -0.03050020 -0.01573398 -0.01787968 -0.03130976
25 -0.01552614 -0.01818295 -0.03066561 -0.01517902 -0.01860272 -0.03091943
26 -0.01493040 -0.01856885 -0.03085704 -0.01554361 -0.01867005 -0.03052931
27 -0.01552889 -0.01853303 -0.03124727 -0.01514377 -0.01850469 -0.03027916
28 -0.01576066 -0.01863561 -0.03036933 -0.01544903 -0.01872532 -0.03076050
29 -0.01549702 -0.01879306 -0.03084242 -0.01546509 -0.01872723 -0.03061492
30 -0.01559265 -0.01872774 -0.03076721 -0.01570863 -0.01887892 -0.03128546
31 -0.01577191 -0.01801957 -0.03107117 -0.01536755 -0.01843555 -0.03051555
32 -0.01553784 -0.01912051 -0.03063985 -0.01567283 -0.01847328 -0.03127934
33 -0.01593668 -0.01899182 -0.03088174 -0.01578963 -0.01901625 -0.03041981
34 -0.01571599 -0.01863242 -0.03055378 -0.01535272 -0.01883223 -0.03118268
35 -0.01584997 -0.01858914 -0.03122639 -0.01578542 -0.01897996 -0.03082951
36 -0.01582763 -0.01894053 -0.03072284 -0.01575725 -0.01869380 -0.03093076
37 -0.01545107 -0.01885198 -0.03139864 -0.01577188 -0.01847344 -0.03054137
38 -0.01562861 -0.01851599 -0.03137393 -0.01582350 -0.01848306 -0.03096889
39 -0.01587170 -0.01879354 -0.03138670 -0.01576875 -0.01831594 -0.03140986
40 -0.01567031 -0.01847086 -0.03092717 -0.01544348 -0.01906341 -0.03107249
41 -0.01562035 -0.01884332 -0.03079334 -0.01541118 -0.01848847 -0.03178474
42 -0.01578121 -0.01905647 -0.03160487 -0.01574834 -0.01829007 -0.03088300
43 -0.01583180 -0.01860770 -0.03085350 -0.01556323 -0.01865450 -0.03162137
44 -0.01591077 -0.01908822 -0.03196557 -0.01577369 -0.01898041 -0.03201484
45 -0.01569075 -0.01872959 -0.03053353 -0.01575110 -0.01888266 -0.03108892
46 -0.01566000 -0.01900651 -0.03095351 -0.01579427 -0.01866218 -0.03151171
47 -0.01579720 -0.01888909 -0.03118192 -0.01534056 -0.01925235 -0.03213652
48 -0.01555932 -0.01880775 -0.03148509 -0.01629491 -0.01877084 -0.03169925
49 -0.01564586 -0.01904642 -0.03117884 -0.01544218 -0.01925022 -0.03181513
50 -0.01577132 -0.01866970 -0.03147034 -0.01605164 -0.01874022 -0.03172343
51 -0.01588464 -0.01865021 -0.03158545 -0.01574752 -0.01888108 -0.03147288
52 -0.01577239 -0.01920662 -0.03165285 -0.01592989 -0.01838400 -0.03149445
53 -0.01599119 -0.01859608 -0.03114836 -0.01593412 -0.01851617 -0.03181432
54 -0.01579395 -0.01887550 -0.03066925 -0.01578950 -0.01904707 -0.03100166
55 -0.01567535 -0.01865692 -0.03138774 -0.01594048 -0.01868276 -0.03208106
56 -0.01597373 -0.01903929 -0.03167341 -0.01601652 -0.01879842 -0.03188386
57 -0.01576698 -0.01910048 -0.03208615 -0.01588340 -0.01882582 -0.03098969
58 -0.01587179 -0.01879659 -0.03220429 -0.01596022 -0.01910296 -0.03106059
59 -0.01592783 -0.01872984 -0.03154347 -0.01599140 -0.01949576 -0.03185049
60 -0.01591076 -0.01941582 -0.03166162 -0.01576373 -0.01895197 -0.03140776
61 -0.01572113 -0.01903092 -0.03199940 -0.01592967 -0.01924017 -0.03181844
62 -0.01580667 -0.01880076 -0.03210568 -0.01600557 -0.01889542 -0.03191541
63 -0.01589004 -0.01902808 -0.03134517 -0.01594057 -0.01902083 -0.03046749
64 -0.01602380 -0.01919794 -0.03146866 -0.01589576 -0.01864406 -0.03090535
65 -0.01595839 -0.01939949 -0.03134095 -0.01603366 -0.01955834 -0.03081530
66 -0.01583299 -0.01890873 -0.03179989 -0.01576471 -0.01939894 -0.03172688
67 -0.01580633 -0.01890292 -0.03212470 -0.01599484 -0.01887014 -0.03182633
68 -0.01596301 -0.01935829 -0.03138756 -0.01599773 -0.01921614 -0.03161599
69 -0.01611840 -0.01882813 -0.03100110 -0.01586118 -0.01914635 -0.03061844
70 -0.01612029 -0.01909540 -0.03158157 -0.01580272 -0.01888274 -0.03051934
71 -0.01604088 -0.01921174 -0.03112296 -0.01591758 -0.01915596 -0.03212798
72 -0.01594040 -0.01888701 -0.03104971 -0.01579747 -0.01902387 -0.03214330
73 -0.01589901 -0.01939381 -0.03099362 -0.01588426 -0.01929101 -0.03132007
74 -0.01600335 -0.01939024 -0.03181496 -0.01581086 -0.01922369 -0.03135319
75 -0.01581849 -0.01890939 -0.03223526 -0.01607543 -0.01937629 -0.03157466
76 -0.01595327 -0.01933924 -0.03187524 -0.01595791 -0.01924563 -0.03126143
77 -0.01589738 -0.01911198 -0.03220827 -0.01602208 -0.01923847 -0.03195437
78 -0.01609501 -0.01910941 -0.03133915 -0.01615120 -0.01902722 -0.03187409
79 -0.01595337 -0.01903561 -0.03204866 -0.01596708 -0.01900907 -0.03138328
80 -0.01598332 -0.01920598 -0.03159456 -0.01620459 -0.01923558 -0.03244846
81 -0.01566259 -0.01913885 -0.03141378 -0.01606940 -0.01926323 -0.03107941
82 -0.01594318 -0.01885424 -0.03177387 -0.01589143 -0.01893620 -0.03187929
83 -0.01604958 -0.01922070 -0.03159566 -0.01581850 -0.01912949 -0.03218777
84 -0.01595146 -0.01958373 -0.03141236 -0.01598231 -0.01884394 -0.03109227
85 -0.01587414 -0.01931902 -0.03134819 -0.01616439 -0.01875377 -0.03196518
86 -0.01598629 -0.01891734 -0.03124582 -0.01596091 -0.01931468 -0.03217586
87 -0.01592399 -0.01866714 -0.03173227 -0.01598770 -0.01925592 -0.03177571
88 -0.01576105 -0.01948450 -0.03128412 -0.01615231 -0.01913563 -0.03228538
89 -0.01595043 -0.01935394 -0.03167908 -0.01602667 -0.01908848 -0.03231740
90 -0.01589768 -0.01933377 -0.03143143 -0.01569668 -0.01917155 -0.03194442
91 -0.01607402 -0.01901921 -0.03208361 -0.01605189 -0.01914095 -0.03229141
92 -0.01580115 -0.01892961 -0.03193384 -0.01575778 -0.01932987 -0.03241554
93 -0.01574695 -0.01917260 -0.03149084 -0.01562014 -0.01896761 -0.03236287
94 -0.01581728 -0.01914700 -0.03249160 -0.01594816 -0.01920538 -0.03194072
95 -0.01594714 -0.01942973 -0.03198339 -0.01597165 -0.01879094 -0.03161936
96 -0.01587319 -0.01917849 -0.03151897 -0.01603222 -0.01930263 -0.03178793
97 -0.01592162 -0.01936486 -0.03130569 -0.01606840 -0.01906911 -0.03216309
98 -0.01602416 -0.01888163 -0.03137297 -0.01596987 -0.01933605 -0.03167715
99 -0.01582908 -0.01895927 -0.03158074 -0.01601793 -0.01896026 -0.03175935
100 -0.01598053 -0.01917588 -0.03211220 -0.01611160 -0.01937837 -0.03156054
101 -0.01617199 -0.01908129 -0.03238450 -0.01598552 -0.01911768 -0.03231153
102 -0.01562932 -0.01907194 -0.03170528 -0.01599944 -0.01903330 -0.03141763
103 -0.01596598 -0.01919881 -0.03156664 -0.01574113 -0.01889268 -0.03203387
104 -0.01573970 -0.01914340 -0.03209720 -0.01598571 -0.01934707 -0.03243345
105 -0.01592545 -0.01933519 -0.03242968 -0.01600847 -0.01907239 -0.03182267
106 -0.01615126 -0.01954035 -0.03172330 -0.01600072 -0.01899410 -0.03202362
107 -0.01594209 -0.01948216 -0.03220678 -0.01606199 -0.01926117 -0.03097774
108 -0.01570335 -0.01878093 -0.03176588 -0.01604203 -0.01920037 -0.03213425
109 -0.01613118 -0.01863934 -0.03192540 -0.01613003 -0.01907598 -0.03167659
110 -0.01600337 -0.01937149 -0.03254101 -0.01591172 -0.01909011 -0.03177855
111 -0.01585733 -0.01954596 -0.03177198 -0.01571474 -0.01928704 -0.03161680
112 -0.01595016 -0.01889438 -0.03216247 -0.01596024 -0.01910031 -0.03182993
113 -0.01591735 -0.01925759 -0.03193739 -0.01613355 -0.01903663 -0.03235745
114 -0.01592958 -0.01916606 -0.03198429 -0.01605932 -0.01904978 -0.03194600
115 -0.01588981 -0.01908369 -0.03160075 -0.01597627 -0.01933788 -0.03223762
116 -0.01620261 -0.01913715 -0.03137230 -0.01596225 -0.01941738 -0.03172625
117 -0.01583070 -0.01885397 -0.03178891 -0.01604697 -0.01876612 -0.03154783
118 -0.01614099 -0.01907125 -0.03186871 -0.01586214 -0.01957764 -0.03208137
119 -0.01617664 -0.01931026 -0.03179671 -0.01597599 -0.01921509 -0.03193412
120 -0.01594600 -0.01918470 -0.03117757 -0.01605850 -0.01952198 -0.03204934
121 -0.01590758 -0.01915759 -0.03218187 -0.01612639 -0.01924877 -0.03090754
122 -0.01609790 -0.01914810 -0.03190308 -0.01609222 -0.01925205 -0.03138384
123 -0.01636577 -0.01955850 -0.03196652 -0.01606697 -0.01923456 -0.03226374
124 -0.01606309 -0.01923110 -0.03184013 -0.01632205 -0.01939892 -0.03215005
125 -0.01610791 -0.01910407 -0.03206716 -0.01604927 -0.01952453 -0.03187425
126 -0.01630425 -0.01918252 -0.03214989 -0.01594565 -0.01926325 -0.03216051
127 -0.01606015 -0.01906605 -0.03180397 -0.01604350 -0.01947152 -0.03205272
128 -0.01600425 -0.01907322 -0.03206066 -0.01606718 -0.01904941 -0.03219655
129 -0.01559204 -0.01910104 -0.03236573 -0.01614834 -0.01969989 -0.03202642
130 -0.01614001 -0.01926769 -0.03196330 -0.01600525 -0.01915706 -0.03224493
131 -0.01604845 -0.01922790 -0.03227716 -0.01603770 -0.01920083 -0.03200502
132 -0.01603143 -0.01862838 -0.03179364 -0.01609113 -0.01916721 -0.03182813
133 -0.01572562 -0.01920576 -0.03220785 -0.01607828 -0.01951318 -0.03207481
134 -0.01605281 -0.01919443 -0.03194807 -0.01586315 -0.01950382 -0.03186878
135 -0.01607657 -0.01928550 -0.03193457 -0.01603791 -0.01923253 -0.03225936
136 -0.01586394 -0.01926951 -0.03210789 -0.01594723 -0.01941032 -0.03221402
137 -0.01609429 -0.01903565 -0.03223769 -0.01614000 -0.01920540 -0.03233767
138 -0.01601569 -0.01940662 -0.03174142 -0.01600371 -0.01908137 -0.03196519
139 -0.01613861 -0.01920826 -0.03127030 -0.01592593 -0.01938381 -0.03176918
140 -0.01610636 -0.01933546 -0.03248224 -0.01615316 -0.01943942 -0.03192117
141 -0.01612566 -0.01941353 -0.03243397 -0.01586119 -0.01967833 -0.03175351
142 -0.01590163 -0.01940753 -0.03207162 -0.01599539 -0.01933826 -0.03177119
143 -0.01599080 -0.01925988 -0.03265896 -0.01615892 -0.01912416 -0.03221807
144 -0.01615263 -0.01894942 -0.03200560 -0.01599664 -0.01945549 -0.03276416
145 -0.01601257 -0.01905362 -0.03207728 -0.01588008 -0.01928296 -0.03257015
146 -0.01614254 -0.01927888 -0.03226795 -0.01627857 -0.01945548 -0.03265833
147 -0.01631627 -0.01916952 -0.03216037 -0.01606072 -0.01918108 -0.03195486
148 -0.01613002 -0.01955738 -0.03215177 -0.01583585 -0.01909704 -0.03244074
149 -0.01593283 -0.01944594 -0.03188115 -0.01619316 -0.01926342 -0.03176385
150 -0.01604458 -0.01931575 -0.03222264 -0.01603336 -0.01900348 -0.03210756
151 -0.01607344 -0.01966224 -0.03227246 -0.01596169 -0.01902935 -0.03281466
152 -0.01581922 -0.01915498 -0.03222765 -0.01607724 -0.01895847 -0.03114019
153 -0.01624401 -0.01934296 -0.03208598 -0.01597676 -0.01934594 -0.03219703
154 -0.01608663 -0.01921476 -0.03218661 -0.01619171 -0.01917902 -0.03169704
155 -0.01598667 -0.01946044 -0.03267765 -0.01620338 -0.01907057 -0.03252220
156 -0.01603881 -0.01907292 -0.03239288 -0.01593968 -0.01935597 -0.03175924
157 -0.01619809 -0.01907719 -0.03234667 -0.01632130 -0.01921396 -0.03167733
158 -0.01616726 -0.01911549 -0.03253634 -0.01611381 -0.01968842 -0.03221444
159 -0.01607057 -0.01945602 -0.03186271 -0.01627803 -0.01939062 -0.03227085
160 -0.01597546 -0.01913112 -0.03217901 -0.01602216 -0.01934651 -0.03185979
161 -0.01603550 -0.01962379 -0.03191121 -0.01613006 -0.01968965 -0.03172551
162 -0.01601368 -0.01915550 -0.03184625 -0.01618765 -0.01891635 -0.03196046
163 -0.01632043 -0.01935979 -0.03219184 -0.01614379 -0.01923033 -0.03172429
164 -0.01622541 -0.01956967 -0.03236140 -0.01584470 -0.01940025 -0.03197260
165 -0.01634485 -0.01944822 -0.03220390 -0.01583393 -0.01940923 -0.03230070
166 -0.01589136 -0.01948175 -0.03225447 -0.01602424 -0.01900092 -0.03235705
167 -0.01610753 -0.01959181 -0.03158545 -0.01612260 -0.01914461 -0.03290459
168 -0.01614829 -0.01928023 -0.03196383 -0.01591351 -0.01922487 -0.03204277
169 -0.01604749 -0.01939806 -0.03271136 -0.01612760 -0.01884580 -0.03235284
170 -0.01628117 -0.01889994 -0.03240349 -0.01618512 -0.01953398 -0.03271457
171 -0.01612101 -0.01958427 -0.03208778 -0.01624710 -0.01959403 -0.03194352
172 -0.01611431 -0.01937605 -0.03261745 -0.01624535 -0.01892884 -0.03236318
173 -0.01610942 -0.01942848 -0.03258835 -0.01612874 -0.01954668 -0.03283175
174 -0.01600193 -0.01925171 -0.03241024 -0.01612328 -0.01951535 -0.03237101
175 -0.01602825 -0.01960446 -0.03242932 -0.01607670 -0.01931821 -0.03221127
176 -0.01615456 -0.01944435 -0.03224860 -0.01613586 -0.01913742 -0.03227702
177 -0.01584425 -0.01925804 -0.03283953 -0.01608025 -0.01952717 -0.03267610
178 -0.01615737 -0.01951977 -0.03295803 -0.01620904 -0.01941567 -0.03263428
179 -0.01598464 -0.01938716 -0.03170097 -0.01604632 -0.01958071 -0.03207213
180 -0.01606444 -0.01933575 -0.03147159 -0.01614233 -0.01954601 -0.03161634
181 -0.01599729 -0.01925394 -0.03211326 -0.01622736 -0.01918409 -0.03249784
182 -0.01572425 -0.01941428 -0.03222383 -0.01625364 -0.01962432 -0.03228496
183 -0.01598422 -0.01968371 -0.03252088 -0.01595271 -0.01935230 -0.03150149
184 -0.01635834 -0.01904409 -0.03148772 -0.01645021 -0.01961292 -0.03258365
185 -0.01588469 -0.01929763 -0.03251857 -0.01622170 -0.01964650 -0.03240159
186 -0.01621299 -0.01934746 -0.03263532 -0.01613904 -0.01934166 -0.03190926
187 -0.01598798 -0.01970163 -0.03188745 -0.01634922 -0.01942710 -0.03222600
188 -0.01596794 -0.01965339 -0.03241443 -0.01604895 -0.01952531 -0.03233514
189 -0.01634032 -0.01923979 -0.03185064 -0.01582086 -0.01952516 -0.03206405
190 -0.01611513 -0.01950137 -0.03186543 -0.01624396 -0.01940091 -0.03176190
191 -0.01600021 -0.01927748 -0.03207321 -0.01609413 -0.01942470 -0.03210865
192 -0.01604720 -0.01926187 -0.03192379 -0.01617229 -0.01935771 -0.03232582
193 -0.01615350 -0.01904132 -0.03203029 -0.01597673 -0.01896117 -0.03199678
194 -0.01613568 -0.01939070 -0.03280616 -0.01623183 -0.01940750 -0.03228205
195 -0.01616224 -0.01950337 -0.03207289 -0.01591563 -0.01931778 -0.03246786
196 -0.01615993 -0.01935399 -0.03152052 -0.01610347 -0.01913123 -0.03177954
197 -0.01596480 -0.01933087 -0.03233906 -0.01615913 -0.01962012 -0.03227859
198 -0.01614875 -0.01966535 -0.03209048 -0.01597742 -0.01938793 -0.03206977
199 -0.01595622 -0.01892907 -0.03208451 -0.01623808 -0.01957357 -0.03207885
200 -0.01593761 -0.01922951 -0.03108818 -0.01625226 -0.01951865 -0.03197539
201 -0.01625889 -0.01944681 -0.03190391 -0.01593013 -0.01955275 -0.03237399
202 -0.01609512 -0.01962716 -0.03180215 -0.01599866 -0.01911386 -0.03253412
203 -0.01612259 -0.01900470 -0.03231691 -0.01600389 -0.01914066 -0.03256159
204 -0.01617883 -0.01960445 -0.03236751 -0.01596910 -0.01917067 -0.03239421
205 -0.01620607 -0.01959031 -0.03179764 -0.01631511 -0.01944462 -0.03236773
206 -0.01583421 -0.01932886 -0.03222448 -0.01607272 -0.01940297 -0.03212871
207 -0.01621446 -0.01957554 -0.03282628 -0.01603108 -0.01929983 -0.03206116
208 -0.01596704 -0.01928449 -0.03189580 -0.01615986 -0.01958344 -0.03260105
209 -0.01600503 -0.01938763 -0.03184588 -0.01629635 -0.01931627 -0.03198415
210 -0.01609341 -0.01961141 -0.03212334 -0.01590612 -0.01963855 -0.03208130
211 -0.01570032 -0.01946385 -0.03207570 -0.01607612 -0.01928327 -0.03189267
212 -0.01601029 -0.01940345 -0.03169338 -0.01606364 -0.01944497 -0.03253155
213 -0.01598992 -0.01941987 -0.03251800 -0.01613525 -0.01955291 -0.03196251
214 -0.01596813 -0.01934578 -0.03220098 -0.01608743 -0.01928120 -0.03220884
215 -0.01596161 -0.01911711 -0.03248805 -0.01617521 -0.01952348 -0.03214551
216 -0.01603233 -0.01952808 -0.03212774 -0.01574861 -0.01915159 -0.03297591
217 -0.01615460 -0.01932844 -0.03251830 -0.01620037 -0.01969320 -0.03174242
218 -0.01606506 -0.01931785 -0.03248843 -0.01629251 -0.01961460 -0.03215987
219 -0.01602354 -0.01965091 -0.03233226 -0.01612673 -0.01963717 -0.03241643
220 -0.01632173 -0.01954528 -0.03214730 -0.01601218 -0.01962139 -0.03222028
221 -0.01583237 -0.01955329 -0.03294118 -0.01612850 -0.01977783 -0.03224814
222 -0.01608655 -0.01948181 -0.03220680 -0.01628484 -0.01919631 -0.03238670
223 -0.01612386 -0.01974701 -0.03238274 -0.01586896 -0.01946743 -0.03206362
224 -0.01618760 -0.01942163 -0.03130358 -0.01631842 -0.01922602 -0.03227091
225 -0.01637468 -0.01931260 -0.03264526 -0.01625752 -0.01953658 -0.03207080
226 -0.01636804 -0.01968430 -0.03208084 -0.01586282 -0.01961093 -0.03190663
227 -0.01624759 -0.01946968 -0.03212251 -0.01622045 -0.01957904 -0.03243110
228 -0.01619805 -0.01932800 -0.03223511 -0.01612405 -0.01948832 -0.03263485
229 -0.01614305 -0.01952848 -0.03220878 -0.01596866 -0.01924759 -0.03236016
230 -0.01604346 -0.01940393 -0.03254676 -0.01615447 -0.01969239 -0.03255868
231 -0.01611366 -0.01932109 -0.03265643 -0.01621640 -0.01954076 -0.03208226
232 -0.01618574 -0.01900726 -0.03200336 -0.01605576 -0.01959953 -0.03230640
233 -0.01605485 -0.01956769 -0.03244648 -0.01556286 -0.01961184 -0.03180782
234 -0.01613163 -0.01938088 -0.03240559 -0.01615222 -0.01919073 -0.03227908
235 -0.01617106 -0.01951496 -0.03232994 -0.01589362 -0.01962478 -0.03237855
236 -0.01597479 -0.01951151 -0.03163055 -0.01601336 -0.01964605 -0.03170124
237 -0.01608634 -0.01968421 -0.03253152 -0.01617807 -0.01961309 -0.03267813
238 -0.01616372 -0.01916839 -0.03256702 -0.01615900 -0.01929643 -0.03251690
239 -0.01624277 -0.01961324 -0.03207956 -0.01625731 -0.01950337 -0.03210627
240 -0.01624032 -0.01929835 -0.03250088 -0.01634006 -0.01924704 -0.03175088
241 -0.01610788 -0.01920573 -0.03272745 -0.01614218 -0.01921839 -0.03204806
242 -0.01602618 -0.01929018 -0.03230092 -0.01614906 -0.01932086 -0.03216611
243 -0.01615952 -0.01926906 -0.03271773 -0.01614566 -0.01938433 -0.03243951
244 -0.01576400 -0.01965401 -0.03241877 -0.01585552 -0.01951059 -0.03196262
245 -0.01620351 -0.01927102 -0.03212565 -0.01608178 -0.01919518 -0.03267078
246 -0.01617468 -0.01949560 -0.03236004 -0.01626451 -0.01945162 -0.03304078
247 -0.01600105 -0.01910947 -0.03222631 -0.01615856 -0.01966693 -0.03250814
248 -0.01630819 -0.01909256 -0.03224481 -0.01590958 -0.01963929 -0.03271872
249 -0.01620083 -0.01950400 -0.03196302 -0.01637531 -0.01944592 -0.03200805
250 -0.01612124 -0.01916852 -0.03131677 -0.01597240 -0.01940104 -0.03213045
251 -0.01604690 -0.01917833 -0.03213101 -0.01603162 -0.01946189 -0.03213198
252 -0.01612322 -0.01946343 -0.03219693 -0.01616594 -0.01948039 -0.03280179
253 -0.01620169 -0.01953357 -0.03228865 -0.01633732 -0.01912924 -0.03261471
254 -0.01610006 -0.01951985 -0.03123610 -0.01606704 -0.01944211 -0.03268678
255 -0.01612174 -0.01937300 -0.03270589 -0.01619768 -0.01946023 -0.03191763
256 -0.01620945 -0.01927424 -0.03203971 -0.01611078 -0.01942655 -0.03232900
257 -0.01617195 -0.01966014 -0.03270263 -0.01608647 -0.01941289 -0.03244424
258 -0.01623995 -0.01941446 -0.03212338 -0.01638620 -0.01942716 -0.03149477
259 -0.01642408 -0.01959528 -0.03266139 -0.01585378 -0.01950564 -0.03249404
260 -0.01619556 -0.01970487 -0.03257509 -0.01577189 -0.01929887 -0.03231614
261 -0.01581909 -0.01934210 -0.03210443 -0.01617819 -0.01950984 -0.03281761
262 -0.01611814 -0.01953071 -0.03205282 -0.01591832 -0.01946510 -0.03253272
263 -0.01620615 -0.01960646 -0.03292745 -0.01626610 -0.01958494 -0.03245850
264 -0.01605459 -0.01954288 -0.03280776 -0.01622647 -0.01910000 -0.03225131
265 -0.01619078 -0.01963736 -0.03263697 -0.01624030 -0.01955719 -0.03252224
266 -0.01618023 -0.01965413 -0.03205470 -0.01639712 -0.01904523 -0.03246843
267 -0.01631395 -0.01943232 -0.03195681 -0.01616474 -0.01920205 -0.03222039
268 -0.01603783 -0.01937382 -0.03169981 -0.01620704 -0.01926586 -0.03265530
269 -0.01601395 -0.01951833 -0.03243500 -0.01592441 -0.01955882 -0.03207164
270 -0.01610946 -0.01933920 -0.03246443 -0.01574303 -0.01953521 -0.03252624
271 -0.01592885 -0.01971641 -0.03148194 -0.01635827 -0.01935164 -0.03263321
272 -0.01613097 -0.01907225 -0.03252447 -0.01609697 -0.01957096 -0.03213996
273 -0.01608640 -0.01937335 -0.03204239 -0.01615630 -0.01938978 -0.03258510
274 -0.01582624 -0.01909726 -0.03287296 -0.01585206 -0.01922324 -0.03307095
275 -0.01618096 -0.01918001 -0.03297164 -0.01605093 -0.01928020 -0.03229643
276 -0.01626763 -0.01914598 -0.03183663 -0.01612037 -0.01938756 -0.03221556
277 -0.01618397 -0.01985877 -0.03189510 -0.01617661 -0.01958267 -0.03200512
278 -0.01593574 -0.01952892 -0.03201689 -0.01613852 -0.01954073 -0.03266303
279 -0.01627161 -0.01950703 -0.03291627 -0.01610444 -0.01927927 -0.03265774
280 -0.01606408 -0.01914983 -0.03242706 -0.01613438 -0.01973635 -0.03225923
281 -0.01608718 -0.01923354 -0.03275068 -0.01632574 -0.01940325 -0.03265862
282 -0.01603741 -0.01926193 -0.03247330 -0.01608511 -0.01937466 -0.03240387
283 -0.01616839 -0.01953144 -0.03247124 -0.01582596 -0.01972901 -0.03216303
284 -0.01609539 -0.01896615 -0.03240452 -0.01613670 -0.01884720 -0.03228001
285 -0.01627445 -0.01940295 -0.03232867 -0.01608400 -0.01938029 -0.03215631
286 -0.01627537 -0.01941347 -0.03290548 -0.01622067 -0.01945370 -0.03311447
287 -0.01595883 -0.01963994 -0.03235726 -0.01621642 -0.01978050 -0.03210784
288 -0.01609153 -0.01971955 -0.03280194 -0.01615673 -0.01964682 -0.03240744
289 -0.01584894 -0.01939762 -0.03243907 -0.01624398 -0.01971184 -0.03245030
290 -0.01617925 -0.01942389 -0.03243152 -0.01610274 -0.01941066 -0.03118916
291 -0.01639626 -0.01983114 -0.03221657 -0.01610899 -0.01932398 -0.03291945
292 -0.01630572 -0.01961464 -0.03149784 -0.01609479 -0.01937128 -0.03240452
293 -0.01593779 -0.01940257 -0.03264567 -0.01624081 -0.01955482 -0.03217683
294 -0.01614614 -0.01939808 -0.03201183 -0.01630878 -0.01950786 -0.03227371
295 -0.01634563 -0.01937360 -0.03115486 -0.01621955 -0.01931778 -0.03253124
296 -0.01614294 -0.01943123 -0.03184564 -0.01611357 -0.01932176 -0.03287034
297 -0.01608647 -0.01940358 -0.03230737 -0.01600688 -0.01965373 -0.03275004
298 -0.01593387 -0.01975541 -0.03231354 -0.01620881 -0.01934652 -0.03283423
299 -0.01619862 -0.01964297 -0.03295604 -0.01615463 -0.01929234 -0.03271614
300 -0.01625031 -0.01974427 -0.03242058 -0.01620231 -0.01930205 -0.03275137
301 -0.01616818 -0.01945751 -0.03220184 -0.01621865 -0.01974631 -0.03230215
302 -0.01638140 -0.01933018 -0.03250001 -0.01606822 -0.01970833 -0.03175010
303 -0.01596868 -0.01968545 -0.03217450 -0.01600887 -0.01953523 -0.03241358
304 -0.01633415 -0.01945157 -0.03207245 -0.01631346 -0.01947389 -0.03292253
305 -0.01608504 -0.01953063 -0.03307852 -0.01611928 -0.01963860 -0.03271702
306 -0.01611261 -0.01937139 -0.03208384 -0.01624890 -0.01954431 -0.03194372
307 -0.01634045 -0.01953681 -0.03215709 -0.01625210 -0.01935869 -0.03236503
308 -0.01594860 -0.01984507 -0.03219062 -0.01628443 -0.01957938 -0.03249572
309 -0.01612085 -0.01947791 -0.03224426 -0.01617773 -0.01947328 -0.03197488
310 -0.01635891 -0.01940977 -0.03245519 -0.01612350 -0.01938485 -0.03217014
311 -0.01612855 -0.01922816 -0.03203448 -0.01625624 -0.01963715 -0.03249565
312 -0.01593458 -0.01929425 -0.03221248 -0.01634123 -0.01937312 -0.03247491
313 -0.01612477 -0.01958681 -0.03160604 -0.01614874 -0.01943319 -0.03258025
314 -0.01614852 -0.01953908 -0.03271178 -0.01613790 -0.01934857 -0.03285039
315 -0.01601940 -0.01964908 -0.03235310 -0.01616620 -0.01962929 -0.03210037
316 -0.01611344 -0.01940164 -0.03199135 -0.01609920 -0.01938238 -0.03234254
317 -0.01624597 -0.01952634 -0.03276695 -0.01611670 -0.01933625 -0.03253800
318 -0.01612419 -0.01971845 -0.03223519 -0.01640162 -0.01974986 -0.03271609
319 -0.01588267 -0.01926038 -0.03218283 -0.01631547 -0.01938363 -0.03276076
320 -0.01612607 -0.01933016 -0.03268231 -0.01628591 -0.01959403 -0.03244885
321 -0.01627014 -0.01944910 -0.03279609 -0.01615901 -0.01953165 -0.03199243
322 -0.01627135 -0.01939901 -0.03230402 -0.01614750 -0.01979235 -0.03253984
323 -0.01587450 -0.01971014 -0.03246841 -0.01625235 -0.01966708 -0.03270646
324 -0.01625009 -0.01955023 -0.03216689 -0.01622135 -0.01949676 -0.03237942
325 -0.01596561 -0.01954950 -0.03170221 -0.01628069 -0.01958006 -0.03221296
326 -0.01608391 -0.01942115 -0.03237703 -0.01608088 -0.01961583 -0.03242358
327 -0.01608630 -0.01937980 -0.03253940 -0.01609540 -0.01924790 -0.03295043
328 -0.01597356 -0.01937787 -0.03269755 -0.01627084 -0.01954244 -0.03307337
329 -0.01624194 -0.01963149 -0.03177501 -0.01615769 -0.01946410 -0.03223974
330 -0.01641196 -0.01931312 -0.03231583 -0.01623933 -0.01954901 -0.03253129
331 -0.01606661 -0.01933386 -0.03249452 -0.01611187 -0.01947053 -0.03205834
332 -0.01631526 -0.01958188 -0.03248548 -0.01607417 -0.01926401 -0.03277204
333 -0.01610710 -0.01943988 -0.03237844 -0.01636090 -0.01943400 -0.03196000
334 -0.01612354 -0.01945915 -0.03222149 -0.01619960 -0.01930471 -0.03217891
335 -0.01607597 -0.01950811 -0.03222503 -0.01606571 -0.01936478 -0.03239054
336 -0.01641906 -0.01881173 -0.03239668 -0.01595687 -0.01962785 -0.03241698
337 -0.01617997 -0.01973950 -0.03217547 -0.01590080 -0.01941170 -0.03239483
338 -0.01616736 -0.01955645 -0.03269769 -0.01579110 -0.01941691 -0.03190270
339 -0.01609509 -0.01970254 -0.03247107 -0.01617666 -0.01960217 -0.03166243
340 -0.01637115 -0.01909667 -0.03298060 -0.01612144 -0.01958249 -0.03238670
341 -0.01624665 -0.01925014 -0.03231312 -0.01610995 -0.01935575 -0.03274662
342 -0.01606319 -0.01949818 -0.03301668 -0.01609334 -0.01912564 -0.03179293
343 -0.01601584 -0.01977341 -0.03245387 -0.01640649 -0.01953250 -0.03210487
344 -0.01632026 -0.01952520 -0.03224686 -0.01613026 -0.01973037 -0.03257118
345 -0.01606535 -0.01936104 -0.03218550 -0.01595169 -0.01912001 -0.03304528
346 -0.01620487 -0.01943353 -0.03243319 -0.01607266 -0.01972989 -0.03253207
347 -0.01602237 -0.01937697 -0.03283714 -0.01638193 -0.01966865 -0.03166586
348 -0.01584937 -0.01975795 -0.03304391 -0.01624312 -0.01968558 -0.03233192
349 -0.01618857 -0.01976828 -0.03232743 -0.01613479 -0.01949859 -0.03232987
350 -0.01593927 -0.01955059 -0.03275416 -0.01633054 -0.01944005 -0.03234141
351 -0.01599424 -0.01951825 -0.03222541 -0.01615080 -0.01946043 -0.03242436
352 -0.01604886 -0.01941074 -0.03245941 -0.01631860 -0.01944634 -0.03229432
353 -0.01624834 -0.01960794 -0.03271360 -0.01613290 -0.01937816 -0.03217601
354 -0.01602285 -0.01951044 -0.03307443 -0.01611824 -0.01965186 -0.03226765
355 -0.01621431 -0.01907172 -0.03214823 -0.01628544 -0.01941128 -0.03265182
356 -0.01614979 -0.01949370 -0.03272725 -0.01619167 -0.01993608 -0.03307119
357 -0.01596510 -0.01967189 -0.03274678 -0.01630245 -0.01920880 -0.03262805
358 -0.01612203 -0.01958390 -0.03240186 -0.01604643 -0.01956282 -0.03250226
359 -0.01604277 -0.01928615 -0.03212506 -0.01633269 -0.01946024 -0.03266815
360 -0.01619714 -0.01951528 -0.03215557 -0.01611153 -0.01943339 -0.03250369
361 -0.01604477 -0.01945175 -0.03267190 -0.01589054 -0.01966265 -0.03263702
362 -0.01616466 -0.01938561 -0.03246864 -0.01609842 -0.01961587 -0.03167993
363 -0.01613143 -0.01956687 -0.03214201 -0.01633440 -0.01973393 -0.03225584
364 -0.01607859 -0.01949545 -0.03259873 -0.01615970 -0.01958419 -0.03275705
365 -0.01598904 -0.01929060 -0.03234879 -0.01604768 -0.01962270 -0.03245273
366 -0.01626431 -0.01957603 -0.03251586 -0.01621650 -0.01930975 -0.03200884
367 -0.01607436 -0.01986543 -0.03258243 -0.01625485 -0.01960534 -0.03273934
368 -0.01631082 -0.01957042 -0.03249434 -0.01601362 -0.01980190 -0.03220938
369 -0.01622932 -0.01932805 -0.03269809 -0.01609283 -0.01920605 -0.03234841
370 -0.01625369 -0.01958840 -0.03236572 -0.01608685 -0.01941296 -0.03203111
371 -0.01625282 -0.01938819 -0.03296357 -0.01606159 -0.01935477 -0.03258499
372 -0.01599440 -0.01943311 -0.03262818 -0.01623222 -0.01932102 -0.03252146
373 -0.01629799 -0.01964348 -0.03256550 -0.01626385 -0.01940246 -0.03259560
374 -0.01601886 -0.01944476 -0.03206264 -0.01627969 -0.01954844 -0.03291143
375 -0.01624699 -0.01980222 -0.03262103 -0.01597557 -0.01948406 -0.03266716
376 -0.01603272 -0.01924688 -0.03224295 -0.01639611 -0.01958106 -0.03277698
377 -0.01620428 -0.01949541 -0.03256221 -0.01618562 -0.01978563 -0.03278057
378 -0.01605062 -0.01940321 -0.03257062 -0.01563273 -0.01942633 -0.03252524
379 -0.01622853 -0.01907092 -0.03279833 -0.01604589 -0.01939803 -0.03212723
380 -0.01605809 -0.01951135 -0.03275476 -0.01624675 -0.01939646 -0.03281437
381 -0.01596741 -0.01966351 -0.03267234 -0.01622083 -0.01961205 -0.03241241
382 -0.01618347 -0.01955723 -0.03242680 -0.01614085 -0.01951649 -0.03235625
383 -0.01623714 -0.01936410 -0.03299704 -0.01608736 -0.01925311 -0.03293840
384 -0.01580229 -0.01962523 -0.03188709 -0.01635637 -0.01958991 -0.03185743
385 -0.01586243 -0.01978226 -0.03203420 -0.01630778 -0.01983390 -0.03307802
386 -0.01630694 -0.01943028 -0.03205973 -0.01622130 -0.01933600 -0.03190680
387 -0.01606884 -0.01948418 -0.03282073 -0.01577324 -0.01969732 -0.03192078
388 -0.01632733 -0.01926570 -0.03222632 -0.01631211 -0.01943741 -0.03279588
389 -0.01603777 -0.01960389 -0.03241405 -0.01621720 -0.01949908 -0.03274114
390 -0.01631355 -0.01918929 -0.03263440 -0.01614443 -0.01964977 -0.03243429
391 -0.01630768 -0.01946099 -0.03281973 -0.01619138 -0.01958143 -0.03216446
392 -0.01611419 -0.01961316 -0.03213933 -0.01605641 -0.01932365 -0.03248663
393 -0.01608803 -0.01943134 -0.03251111 -0.01625939 -0.01965706 -0.03201012
394 -0.01605934 -0.01940910 -0.03237639 -0.01612511 -0.01969610 -0.03225264
395 -0.01602599 -0.01945828 -0.03250343 -0.01628272 -0.01955714 -0.03263603
396 -0.01610649 -0.01955967 -0.03267046 -0.01614423 -0.01976640 -0.03285129
397 -0.01610193 -0.01922579 -0.03274905 -0.01615419 -0.01971379 -0.03261829
398 -0.01611459 -0.01909015 -0.03209119 -0.01611026 -0.01947504 -0.03188660
399 -0.01638949 -0.01911980 -0.03245652 -0.01616058 -0.01975763 -0.03258612
400 -0.01621193 -0.01929888 -0.03299012 -0.01609376 -0.01932298 -0.03271042
401 -0.01612419 -0.01952985 -0.03250168 -0.01620105 -0.01967933 -0.03264415
402 -0.01613608 -0.01938154 -0.03313021 -0.01610459 -0.01909107 -0.03233015
403 -0.01620803 -0.01948990 -0.03240399 -0.01595940 -0.01957085 -0.03256189
404 -0.01624763 -0.01974435 -0.03179003 -0.01630058 -0.01921322 -0.03249677
405 -0.01620771 -0.01928075 -0.03212182 -0.01599976 -0.01961692 -0.03247347
406 -0.01624374 -0.01962830 -0.03284689 -0.01618562 -0.01958539 -0.03239002
407 -0.01602351 -0.01951322 -0.03243154 -0.01647371 -0.01933618 -0.03277075
408 -0.01621878 -0.01985337 -0.03251840 -0.01631542 -0.01976519 -0.03249206
409 -0.01626831 -0.01946548 -0.03257171 -0.01615915 -0.01929426 -0.03285912
410 -0.01616895 -0.01988253 -0.03284303 -0.01609408 -0.01979243 -0.03287016
411 -0.01618737 -0.01948893 -0.03241401 -0.01611774 -0.01896263 -0.03275177
412 -0.01630827 -0.01984865 -0.03243540 -0.01620376 -0.01971913 -0.03213833
413 -0.01624883 -0.01917280 -0.03296437 -0.01590094 -0.01963164 -0.03253950
414 -0.01616725 -0.01974709 -0.03201640 -0.01622187 -0.01947919 -0.03258910
415 -0.01616550 -0.01941813 -0.03278054 -0.01620280 -0.01959606 -0.03293784
416 -0.01620991 -0.01959955 -0.03210140 -0.01603185 -0.01944351 -0.03308515
417 -0.01628330 -0.01923079 -0.03205480 -0.01631878 -0.01952522 -0.03196454
418 -0.01625388 -0.01951552 -0.03234269 -0.01635678 -0.01948441 -0.03231352
419 -0.01611436 -0.01959396 -0.03192882 -0.01604030 -0.01945116 -0.03193966
420 -0.01614158 -0.01970872 -0.03297535 -0.01621947 -0.01923605 -0.03220246
421 -0.01618830 -0.01965727 -0.03271394 -0.01613458 -0.01953256 -0.03290738
422 -0.01629513 -0.01997078 -0.03251958 -0.01615829 -0.01955285 -0.03244005
423 -0.01587692 -0.01934404 -0.03293692 -0.01621837 -0.01936952 -0.03262710
424 -0.01594283 -0.01977144 -0.03198541 -0.01606224 -0.01940903 -0.03238601
425 -0.01623298 -0.01955273 -0.03231426 -0.01623843 -0.01934253 -0.03250612
426 -0.01642664 -0.01990102 -0.03224686 -0.01639389 -0.01950540 -0.03224940
427 -0.01630333 -0.01913612 -0.03182395 -0.01624574 -0.01984767 -0.03304270
428 -0.01617935 -0.01943536 -0.03228876 -0.01611346 -0.01965427 -0.03280304
429 -0.01603130 -0.01954475 -0.03185525 -0.01608033 -0.01983150 -0.03309569
430 -0.01620246 -0.01954487 -0.03257631 -0.01621257 -0.01962063 -0.03240088
431 -0.01609361 -0.01956686 -0.03235450 -0.01616912 -0.01954530 -0.03252030
432 -0.01614656 -0.01964769 -0.03227341 -0.01627246 -0.01973352 -0.03270198
433 -0.01609498 -0.01958973 -0.03301593 -0.01606983 -0.01983555 -0.03242026
434 -0.01620274 -0.01964401 -0.03228122 -0.01602020 -0.01965861 -0.03193448
435 -0.01605746 -0.01976449 -0.03231692 -0.01620871 -0.01954593 -0.03204349
436 -0.01636594 -0.01955982 -0.03233668 -0.01649547 -0.01939357 -0.03274332
437 -0.01617738 -0.01959501 -0.03246041 -0.01625942 -0.01943991 -0.03295078
438 -0.01601944 -0.01934153 -0.03222991 -0.01596196 -0.01974566 -0.03282027
439 -0.01626970 -0.01943797 -0.03247396 -0.01629249 -0.01960058 -0.03241693
440 -0.01625002 -0.01984169 -0.03276276 -0.01629538 -0.01952319 -0.03230879
441 -0.01616474 -0.01966312 -0.03279589 -0.01627226 -0.01966492 -0.03302000
442 -0.01619723 -0.01971507 -0.03271848 -0.01621321 -0.01943104 -0.03194917
443 -0.01616183 -0.01979606 -0.03249424 -0.01624723 -0.01946164 -0.03234690
444 -0.01618526 -0.01909488 -0.03283294 -0.01620142 -0.01971778 -0.03178181
445 -0.01634586 -0.01946626 -0.03255256 -0.01619546 -0.01966874 -0.03253878
446 -0.01600547 -0.01955088 -0.03276648 -0.01621165 -0.01955571 -0.03282717
447 -0.01623961 -0.01946146 -0.03232350 -0.01628629 -0.01952961 -0.03209748
448 -0.01615751 -0.01940518 -0.03275412 -0.01604023 -0.01958664 -0.03239299
449 -0.01608812 -0.01935565 -0.03243583 -0.01610362 -0.01955379 -0.03221678
450 -0.01588073 -0.01944729 -0.03213250 -0.01613506 -0.01939864 -0.03186489
451 -0.01622798 -0.01961284 -0.03283717 -0.01629478 -0.01921906 -0.03213914
452 -0.01596345 -0.01946283 -0.03254601 -0.01601020 -0.01983689 -0.03243734
453 -0.01624300 -0.01945092 -0.03313002 -0.01632846 -0.01950342 -0.03239936
454 -0.01631153 -0.01915585 -0.03265787 -0.01620445 -0.01929667 -0.03275915
455 -0.01614096 -0.01944422 -0.03223618 -0.01608772 -0.01944660 -0.03236182
456 -0.01632737 -0.01964909 -0.03274534 -0.01627986 -0.01949377 -0.03218941
457 -0.01618573 -0.01967366 -0.03264635 -0.01609739 -0.01952143 -0.03224030
458 -0.01627321 -0.01986391 -0.03291789 -0.01634731 -0.01936436 -0.03234088
459 -0.01623677 -0.01927999 -0.03241148 -0.01644672 -0.01954546 -0.03281773
460 -0.01620898 -0.01963377 -0.03257254 -0.01623631 -0.01928101 -0.03277751
461 -0.01608299 -0.01954905 -0.03265652 -0.01626300 -0.01913743 -0.03209519
462 -0.01614952 -0.01977069 -0.03232973 -0.01593635 -0.01954098 -0.03246773
463 -0.01641849 -0.01931470 -0.03259890 -0.01624797 -0.01947346 -0.03256172
464 -0.01633488 -0.01979235 -0.03310172 -0.01629839 -0.01951067 -0.03207538
465 -0.01617095 -0.01927081 -0.03252918 -0.01614572 -0.01958788 -0.03270614
466 -0.01614995 -0.01936863 -0.03259046 -0.01607724 -0.01968943 -0.03250647
467 -0.01615368 -0.01961272 -0.03314945 -0.01585552 -0.01922717 -0.03264581
468 -0.01620622 -0.01985511 -0.03234130 -0.01631110 -0.01954903 -0.03251603
469 -0.01624005 -0.01958906 -0.03209449 -0.01622157 -0.01955186 -0.03259837
470 -0.01623162 -0.01974844 -0.03245666 -0.01613185 -0.01962388 -0.03232858
471 -0.01627424 -0.01975223 -0.03241973 -0.01592291 -0.01952483 -0.03245557
472 -0.01606671 -0.01934405 -0.03204994 -0.01612313 -0.01940919 -0.03211892
473 -0.01607658 -0.01957038 -0.03234925 -0.01633010 -0.01945728 -0.03262538
474 -0.01623776 -0.01990432 -0.03252640 -0.01612219 -0.01965450 -0.03234238
475 -0.01624945 -0.01951460 -0.03291902 -0.01616929 -0.01972225 -0.03218034
476 -0.01623418 -0.01974035 -0.03269876 -0.01614072 -0.01958097 -0.03279232
477 -0.01610133 -0.01960417 -0.03213978 -0.01622516 -0.01974166 -0.03313546
478 -0.01581089 -0.01967035 -0.03285606 -0.01624460 -0.01996543 -0.03192512
479 -0.01617161 -0.01961840 -0.03275659 -0.01619881 -0.01954988 -0.03290284
480 -0.01609908 -0.01954176 -0.03265173 -0.01617050 -0.01961231 -0.03324186
481 -0.01620247 -0.01917855 -0.03273614 -0.01617932 -0.01955202 -0.03307248
482 -0.01623527 -0.01956183 -0.03263445 -0.01627640 -0.01969634 -0.03226774
483 -0.01638155 -0.01944557 -0.03251417 -0.01608061 -0.01931233 -0.03247288
484 -0.01639747 -0.01932771 -0.03216225 -0.01608780 -0.01935505 -0.03206947
485 -0.01641322 -0.01977443 -0.03198595 -0.01593960 -0.01955983 -0.03249890
486 -0.01624304 -0.01997834 -0.03248976 -0.01640000 -0.01953539 -0.03272519
487 -0.01616763 -0.01947280 -0.03258715 -0.01609649 -0.01983266 -0.03308370
488 -0.01613312 -0.01935545 -0.03282936 -0.01611825 -0.01957065 -0.03237773
489 -0.01612431 -0.01959467 -0.03287387 -0.01634248 -0.01966266 -0.03199092
490 -0.01628656 -0.01943107 -0.03252518 -0.01625343 -0.01922948 -0.03253966
491 -0.01605673 -0.01936131 -0.03273535 -0.01603021 -0.01944659 -0.03256825
492 -0.01633094 -0.01960742 -0.03278105 -0.01613911 -0.01953593 -0.03269113
493 -0.01624763 -0.01956564 -0.03304413 -0.01620325 -0.01932126 -0.03256862
494 -0.01625423 -0.01951662 -0.03245453 -0.01601174 -0.01962353 -0.03265386
495 -0.01626308 -0.01969908 -0.03220763 -0.01622518 -0.01961288 -0.03263086
496 -0.01626482 -0.01943074 -0.03249230 -0.01634707 -0.01963155 -0.03230419
497 -0.01624706 -0.01960386 -0.03225353 -0.01627345 -0.01944993 -0.03276751
498 -0.01636419 -0.01957162 -0.03248667 -0.01626939 -0.01924976 -0.03186886
499 -0.01614938 -0.01955967 -0.03234968 -0.01607567 -0.01943463 -0.03316878
500 -0.01604965 -0.01962296 -0.03216123 -0.01610406 -0.01943642 -0.03240316
501 -0.01612468 -0.01960282 -0.03214299 -0.01624814 -0.01959524 -0.03269768
502 -0.01602321 -0.01967615 -0.03306737 -0.01635599 -0.01970445 -0.03281582
503 -0.01630488 -0.01948815 -0.03276050 -0.01610565 -0.01945584 -0.03298282
504 -0.01609641 -0.01962715 -0.03225394 -0.01596922 -0.01951958 -0.03270384
505 -0.01636181 -0.01959500 -0.03258373 -0.01619013 -0.01926128 -0.03222660
506 -0.01636091 -0.01950326 -0.03280933 -0.01619138 -0.01960982 -0.03246692
507 -0.01633521 -0.01949691 -0.03136274 -0.01624454 -0.01920555 -0.03262604
508 -0.01617989 -0.01953601 -0.03254848 -0.01597766 -0.01974450 -0.03206548
509 -0.01628193 -0.01925279 -0.03269016 -0.01610251 -0.01951019 -0.03293077
510 -0.01619594 -0.01937406 -0.03255529 -0.01625219 -0.01939815 -0.03279437
511 -0.01627291 -0.01954677 -0.03289232 -0.01641328 -0.01904891 -0.03271950
512 -0.01615503 -0.01962768 -0.03249644 -0.01588534 -0.01960479 -0.03240897
513 -0.01619789 -0.01949319 -0.03208408 -0.01611866 -0.01926410 -0.03238465
514 -0.01635538 -0.01961314 -0.03255706 -0.01625196 -0.01966931 -0.03204733
515 -0.01629379 -0.01972663 -0.03235212 -0.01598510 -0.01908322 -0.03259129
516 -0.01647532 -0.01949845 -0.03180543 -0.01616747 -0.01976422 -0.03251949
517 -0.01620783 -0.01959933 -0.03309866 -0.01618883 -0.01959427 -0.03255521
518 -0.01619532 -0.01971765 -0.03273758 -0.01619189 -0.01934412 -0.03253609
