10 696 1765 811 12197 8123 3452
20 4944 4784 1423 31589 15130 6457
30 5167 6031 2676 41436 27871 9354
40 9198 8131 3119 58585 37853 15973
50 10651 9080 4109 70436 48058 20106
60 13145 10596 4097 73058 50375 22005
70 14416 10554 4365 95032 62053 25701
80 16433 13457 4509 97917 62207 27514
90 18579 15652 4322 117082 79037 24657
100 21096 15358 7476 130746 87328 33925
110 20399 17115 6141 137379 114371 36911
120 25893 17090 6826 136047 88405 38267
130 22250 18523 8381 151507 108466 44858
140 21525 16702 7447 184592 133293 38432
150 37063 20702 7250 186861 125953 47825
160 26778 23637 8510 193318 125836 47076
170 28273 18741 8801 209996 147017 60289
180 35014 26474 8701 200343 136140 61172
190 37796 23787 10174 245499 155633 53418
200 29229 21901 10535 228910 170869 51378
210 40851 26640 10164 243403 171354 66399
220 38161 26931 11041 259215 175537 59415
230 36549 29662 11462 290587 177649 70999
240 50308 28454 10681 262584 190647 60382
250 46115 27869 12700 310045 202352 73151
260 52353 35908 10676 292006 219840 79470
270 58064 36127 13973 319019 213234 79467
280 48315 32657 13803 328359 200237 76987
290 54415 34438 13097 312367 234449 74254
300 48828 33390 15828 367618 209632 92337
310 58037 33665 15358 340699 254990 90676
320 51071 35327 16591 346739 273087 90129
330 43189 38171 12858 374934 278224 101310
340 58383 41541 14046 404035 243539 89526
350 53419 41492 14082 387770 268458 96078
360 55902 39624 18013 388726 294872 111295
370 68547 42489 16733 416382 276354 101526
380 66623 43879 13161 442382 312239 115305
390 69180 36412 17792 432708 281947 111224
400 69744 41410 17299 436741 298488 127696
410 77535 42013 14724 459071 309633 114699
420 70981 44118 16198 465479 311273 114075
430 65605 38114 14941 487381 325471 86737
440 67567 44914 14070 455865 323404 126047
450 79278 42176 18192 487907 299070 122475
460 76000 43422 15676 507376 378505 137976
470 73605 52667 22398 526869 343775 145527
480 72025 53881 19320 515825 350328 134744
490 73351 55405 20291 484954 370933 137495
500 79754 48368 19489 509344 361003 118545
510 78312 46450 22040 540068 382575 128295
520 78381 49247 15462 497857 379097 128966
530 83230 52776 21614 537375 366861 138082
540 74123 48721 21085 536293 394759 170285
550 63639 60709 20316 597687 383206 144707
560 87257 52361 14139 559385 350350 148215
570 92172 54910 20992 580928 377685 174901
580 82021 57504 21375 553318 425616 155141
590 79771 61378 19121 607821 362532 142611
600 89699 59494 24507 668439 428965 177904
610 81979 59431 22117 595327 439302 164618
620 89574 58570 21395 675673 412462 147951
630 80436 50075 22004 655509 434604 160749
640 91186 59649 26133 646484 452956 193423
650 95308 62518 23625 618731 501119 169024
660 99564 59448 23173 625091 492797 197885
670 92047 62352 25909 651272 478043 184080
680 95722 60563 21985 585637 441890 174886
690 107417 64453 24364 697104 427883 185974
700 108418 67940 26851 647321 489369 185993
710 105820 70350 18630 628046 488478 193030
720 88373 68907 22878 663376 455051 160750
730 104125 60556 26006 801029 471948 191890
740 102104 68666 24100 644894 526867 190034
750 103992 68146 31627 786015 502805 203121
760 110454 69000 21467 778077 512113 189743
770 98069 63253 29332 689109 525992 211161
780 101432 73008 27292 745078 489323 187052
790 114054 68084 28665 625205 473370 213074
800 115722 70028 25629 795081 507243 220805
810 105625 73382 23083 768089 558020 191214
820 99798 76452 23523 871128 513821 213991
830 107770 61534 31212 837390 588218 203895
840 123122 71085 29935 824505 545849 207056
850 103339 57770 23789 732098 563131 214191
860 107283 74801 28232 784912 524486 192624
870 105914 75407 26886 781147 581247 217964
880 101152 68846 30928 805321 527578 220715
890 109030 71523 28035 879396 506817 191158
900 118212 71326 27079 846600 619936 219992
910 128762 69394 32539 882765 639614 229892
920 130666 75016 27204 834000 643323 228409
930 120752 67404 24818 914406 638383 192834
940 131230 75875 26164 899382 613308 250136
950 125409 74114 31069 868965 613112 238076
960 116993 81378 29308 942007 590286 256042
970 142144 84317 29716 909915 642538 278312
980 122243 74836 27028 889448 608746 223973
990 112155 80599 28562 881836 660407 236233
1000 121412 71787 28186 932443 661291 246385
1010 130059 68527 30749 947260 666982 256509
1020 125777 89133 28252 896394 695632 242910
1030 131574 80084 34055 938374 732936 259349
1040 131149 69426 33093 997860 677889 248378
1050 156139 79740 32685 968683 732158 223492
1060 143192 87609 30156 1022918 741643 277679
1070 140505 79278 30879 921924 703687 232804
1080 134917 77267 30383 1032184 703258 287424
1090 128053 76393 32578 1033808 655260 305095
1100 130524 83810 41304 1067545 669328 267678
1110 140734 76729 32273 963947 745180 296575
1120 157916 88060 31797 1080178 670604 214111
1130 137081 91532 40334 1141951 688450 290113
1140 144348 84726 34934 1130075 709386 268782
1150 138004 88586 31415 1099028 746293 259652
1160 139259 94147 37063 1008962 673593 248163
1170 129558 96514 35899 1062477 762386 260235
1180 157375 95041 34064 1089619 729750 287530
1190 142042 86316 35849 1108019 773961 279942
1200 149772 104264 26420 1048391 802116 272238
1210 152153 79238 27490 1063107 715851 311271
1220 161522 98252 41648 1113839 707598 346051
1230 143882 93469 34718 1227841 722678 273875
1240 145015 78541 32756 1134881 765050 307058
1250 156776 80696 34172 1103560 801362 289009
1260 146440 91643 38182 1152325 776623 274295
1270 161341 92211 39958 1160201 724133 275752
1280 160587 90209 44732 1148086 824874 322212
1290 159145 106584 39802 1130701 774637 308739
1300 142449 93466 29684 1178293 875570 314822
1310 156136 91586 46577 1205295 794834 294154
1320 131541 99174 24373 1161102 831676 309382
1330 168450 97003 40445 1194175 800368 298236
1340 144861 85964 40990 1241665 783771 272257
1350 157627 84620 36427 1131362 811064 335280
1360 156077 93207 36412 1188875 803940 313212
1370 173052 97377 41959 1160786 904881 294813
1380 142995 93300 36810 1143463 916860 340063
1390 163018 103982 38590 1293102 907190 309361
1400 148998 75109 32877 1278285 932571 277191
1410 169231 104304 36162 1141546 910854 352306
1420 157842 101165 40092 1288606 871201 304642
1430 162534 94192 35153 1345883 898809 290258
1440 184633 96279 39494 1379377 912551 364757
1450 177722 103922 41887 1224654 834235 344669
1460 174037 103623 38084 1231770 887460 308388
1470 173906 96572 37476 1276667 978158 356606
1480 168222 108326 42649 1412558 960991 304104
1490 155672 101930 39490 1301194 887779 353995
1500 153376 110718 32260 1381407 962893 358162
1510 173726 109996 39256 1359548 924998 315267
1520 196016 122233 43338 1370928 884669 325813
1530 200236 112528 47764 1338900 895531 324598
1540 162808 101770 39210 1301667 890453 362377
1550 161982 99401 38695 1398446 1000589 330875
1560 143544 110528 45349 1495157 973529 369054
1570 177271 107014 47705 1299026 1030061 364245
1580 185889 108235 42202 1385095 954976 345165
1590 175889 111223 35815 1414341 882924 396309
1600 179707 110604 41289 1229557 1059676 330580
1610 182779 117314 38959 1486689 1088826 314771
1620 179363 102400 43645 1512557 983563 408942
1630 204767 116968 51055 1348567 990399 364847
1640 185767 123177 46834 1402099 993538 346236
1650 161120 117561 48648 1373791 1077941 410854
1660 175888 115403 34611 1359951 1010688 371276
1670 168155 121327 49922 1438566 875077 325910
1680 187308 111557 41363 1461051 1198855 346628
1690 179348 116296 42414 1537853 1068648 347661
1700 194983 97054 48768 1265724 976035 336888
1710 179956 121258 43933 1538023 975166 376013
1720 200367 117953 37144 1504798 1014054 429357
1730 183957 123741 47423 1268504 1023318 400864
1740 179777 104720 36346 1483357 932585 364004
1750 170804 121306 53309 1468487 1052766 400031
1760 170146 123591 51837 1383474 1028944 393469
1770 191944 107488 48129 1523380 990218 412897
1780 191567 102328 45348 1546286 994160 349519
1790 183050 106087 57111 1663283 1135408 380379
1800 193964 116700 49223 1533946 1019181 358475
1810 193762 119948 42757 1529928 1151454 423378
1820 185946 120213 48259 1572126 1118961 430688
1830 205081 108964 54396 1482550 1157357 476844
1840 168012 115160 53267 1433439 1138404 411853
1850 214271 126684 49577 1487931 903904 404317
1860 193491 117331 44956 1551428 1156460 399801
1870 194357 120645 48658 1574800 1092919 418833
1880 174520 105917 53599 1432617 1131615 456061
1890 191717 123972 46871 1674683 1108883 409054
1900 192532 110248 45656 1478820 1079204 436515
1910 206840 137454 48399 1631263 1171113 495377
1920 218032 137971 52577 1587776 1119790 407573
1930 188068 131758 57019 1518084 1143154 403526
1940 223719 127861 57823 1522891 1229443 376335
1950 204174 136248 50243 1583987 1129578 428537
1960 203799 131329 50057 1737178 1120814 402043
1970 210160 133291 49848 1663932 1143530 430901
1980 207971 110637 54911 1621377 1222102 459006
1990 191470 120580 52640 1757439 1026575 460282
2000 192428 135372 47308 1714236 1033758 476435
2010 226114 108622 53320 1535351 1245474 436096
2020 229801 129105 46600 1719350 1139385 439513
2030 209495 124517 48648 1747538 1068574 444940
2040 215102 139790 49443 1502790 1174367 448421
2050 220000 136024 48741 1689819 1267062 506600
2060 207979 134755 54234 1744459 1235754 415619
2070 182432 114745 52051 1849749 1202026 415441
2080 223739 130383 49235 1685402 1041254 443943
2090 207863 141116 52073 1627378 1106634 421555
2100 228094 141615 57778 1753595 1276104 409593
2110 201860 115142 60613 1825518 1245730 459041
2120 238435 123311 63902 1817125 1096615 455703
2130 193771 139566 54946 1827217 1129088 453968
2140 216505 131690 44269 1696108 1187207 445240
2150 220919 133242 52265 1867745 1283835 450941
2160 228898 135834 55131 1769755 1254006 506208
2170 218775 128510 46924 1745198 1277040 475465
2180 190755 137073 47800 1871481 1272195 473608
2190 219269 132199 58725 1799420 1271605 510371
2200 215847 130313 48624 1740292 1209103 423148
2210 213417 133605 56421 1889907 1301027 531261
2220 220782 140815 46522 1814892 1218980 470138
2230 207197 147793 46580 1771454 1082952 529809
2240 225395 133085 54809 1590459 1357018 422866
2250 203179 152217 55289 1881206 1226633 454809
2260 234322 138678 45054 1591978 1308519 430492
2270 227371 137319 61407 1841218 1266051 461535
2280 210043 135310 41831 1933692 1196604 449216
2290 207120 126285 55834 1976494 1263633 503583
2300 224618 151663 57992 1978355 1200598 491823
2310 228204 134223 57352 1920365 1314871 472651
2320 237311 134861 58199 1890444 1257994 504956
2330 261517 145271 49123 1914961 1344112 429260
2340 222901 148542 48366 1896302 1434477 496216
2350 221704 138731 53998 1810810 1450090 496695
2360 242942 153618 54404 2065448 1348896 551404
2370 229986 133849 60260 1914041 1311901 541512
2380 205811 157812 47281 1871681 1253266 542066
2390 238207 156472 58183 1995471 1458438 474948
2400 227993 149752 62161 1916748 1332979 542632
2410 251589 153066 62007 1712097 1408640 465064
2420 189754 121128 63619 1912733 1392030 560039
2430 240931 147349 48641 2106517 1438328 561878
2440 232493 149982 60276 1942357 1389204 460184
2450 205319 143447 49154 2056713 1437379 505539
2460 236885 148176 54577 1957042 1371130 441403
2470 250789 166947 56292 1829162 1352567 465812
2480 242668 136370 47309 2008503 1457939 512859
2490 220430 148942 51733 1980728 1440757 471053
2500 245825 137960 62798 2032643 1396586 623384
2510 211652 159953 75810 2065353 1427378 516347
2520 253315 148271 57396 2095143 1463119 543378
2530 231715 164585 70032 1933953 1516051 547031
2540 225509 155878 67252 1893542 1578969 619097
2550 234134 149570 55568 1917297 1478788 557885
2560 212793 149272 74656 2027884 1516480 522896
2570 249461 153877 55409 1942836 1435895 626016
2580 239266 130176 59125 2179704 1458636 497821
2590 207513 143046 66986 1950938 1434011 477144
2600 204030 151447 69905 1888676 1392453 501647
2610 259798 140021 66036 2031660 1384293 554477
2620 254372 135736 63579 1984253 1554440 524598
2630 244693 153700 66576 2011134 1351075 559322
2640 267672 159248 49774 2099678 1487175 497488
2650 251617 139609 50039 2073736 1388308 568404
2660 249108 153908 64938 2026094 1408367 597576
2670 253213 134274 59907 2004244 1407470 562063
2680 243132 155045 67278 2014657 1441991 511045
2690 268409 142435 62841 1995120 1477439 506611
2700 216757 165349 63244 2111058 1424187 530304
2710 228339 120977 48710 1933212 1526162 578100
2720 233242 151940 58603 1941775 1433101 548705
2730 287420 172364 74050 1973831 1503157 524281
2740 293723 166229 59917 2076798 1554295 633742
2750 277414 159602 64086 2257838 1358233 610625
2760 242056 168123 69554 2457474 1413671 510957
2770 227059 143329 51050 1959969 1623792 480617
2780 215943 136812 67726 2017491 1483620 649277
2790 251742 148568 61642 1981912 1429708 507812
2800 271971 149362 60356 2250804 1387645 516016
2810 253142 169487 64837 2241891 1520545 548234
2820 247796 151306 61427 2015999 1351979 561344
2830 269258 149679 58298 2219616 1413542 511309
2840 266026 160387 61257 2176399 1525622 588902
2850 268975 148678 68853 1970325 1551742 511627
2860 254097 136614 63316 2038237 1521322 599731
2870 266656 149538 63806 1966996 1420552 595148
2880 261620 163391 73966 2326606 1628315 560419
2890 240230 158038 61809 2096377 1448336 618538
2900 258691 145473 67268 2193460 1494819 541712
2910 253387 172631 66041 1999707 1675768 617653
2920 294018 156822 58949 2296205 1448570 607920
2930 263083 182039 67713 2183075 1526230 583495
2940 287940 164749 75667 2272792 1688817 578382
2950 255363 165958 44180 2229869 1501310 589580
2960 271161 173828 56483 2158351 1425443 649524
2970 276246 145676 58066 2301688 1793827 623782
2980 241228 173330 71045 2292274 1735424 616039
2990 238186 160785 60637 2259905 1735619 660758
3000 269090 174971 61523 2394088 1603633 636549
3010 261217 165999 72120 2108946 1696729 648457
3020 252360 152770 70568 2240170 1589350 631205
3030 295508 150767 77103 2384367 1738750 639153
3040 268410 164247 78594 2143990 1402743 527280
3050 274344 150591 78457 2323609 1562623 567327
3060 244392 138068 75192 2150306 1718158 575446
3070 272175 154500 71248 2368662 1766066 704172
3080 252671 175269 56713 2425329 1624131 581488
3090 276400 181988 77099 2330679 1638915 670238
3100 290446 159739 65726 2152309 1685867 578258
3110 277363 160746 62126 2073922 1804995 627793
3120 240116 167134 85251 2485315 1729943 613379
3130 315021 161709 67135 2325083 1491117 583274
3140 236287 189984 64400 2350818 1756875 627228
3150 292612 170312 64142 2532858 1454269 639044
3160 307859 168654 64357 2480908 1684936 597167
3170 227013 171214 80214 2354906 1449180 597729
3180 255674 188602 65185 2309113 1736301 714045
3190 275355 154044 68418 2367095 1759703 670105
3200 288724 165428 67596 2531636 1577200 804296
3210 266499 179826 66742 2418783 1546300 622187
3220 293846 166226 75707 2495362 1826307 678818
3230 245870 160095 67919 2340574 1890957 553248
3240 272503 157889 61743 2406950 1863074 643850
3250 291729 159355 71425 2416890 1630767 648581
3260 321978 144269 64925 2442065 1864773 599536
3270 300813 178435 66451 2594880 1692071 739725
3280 286992 157918 62036 2401314 1678728 716927
3290 302745 161627 60420 2289912 1656336 540290
3300 239549 176390 74629 2510016 1658676 541268
3310 289110 177175 60236 2318809 1768433 616823
3320 290750 191710 86647 2314398 1701972 700135
3330 286000 193043 77217 2433190 1710829 601730
3340 281775 185332 74324 2327186 1759790 726688
3350 257966 180389 66574 2375083 1824086 635310
3360 252257 170094 68734 2471805 1808086 696839
3370 295078 154323 59650 2683516 1705790 751271
3380 260598 173584 75434 2422769 1895769 754903
3390 312721 172133 76611 2449360 1638502 689269
3400 264504 167496 66823 2636277 1619233 670591
3410 294376 177957 69932 2382932 1626315 689206
3420 272923 167113 70688 2603780 1832779 698681
3430 311455 177061 58468 2341058 1672647 629588
3440 283440 167130 67431 2636844 1604850 775716
3450 259344 188610 71137 2723964 1816535 717701
3460 320561 180563 74790 2606587 1745527 699332
3470 277424 177850 79101 2389843 1597186 643506
3480 301074 174524 64567 2532084 1916358 743295
3490 287238 200000 70228 2281372 1848211 716025
3500 294894 178225 66111 2535579 1755254 599747
3510 318735 183375 71189 2364182 1876071 750226
3520 318860 183016 75792 2517404 1928973 645124
3530 281790 168918 56376 2453443 1900823 733622
3540 282286 207074 78560 2442111 1812765 580581
3550 308127 176999 75647 2612526 1755410 757739
3560 279513 195578 71674 2492213 1950761 658977
3570 289005 171970 71369 2500190 1841658 729019
3580 283499 174819 80919 2665595 1810052 830521
3590 307320 193354 70106 2559414 1815721 686332
3600 304288 183580 67919 2509407 1883760 617300
3610 286675 171185 78333 2811097 1860281 744554
3620 320255 190054 84040 2666532 1873517 736767
3630 289705 178977 80356 2621698 1917443 713743
3640 268645 179451 71941 2752662 1761893 719953
3650 269140 209667 54903 2552005 1959069 664922
3660 318097 165478 72395 2528222 1949224 716621
3670 340947 176089 78619 2755547 1831498 651360
3680 328779 210894 74496 2681574 1898852 722426
3690 334328 170377 75931 2742585 1968293 696099
3700 313997 187551 76280 2620192 1992233 676533
3710 324394 190882 70681 2590673 1951100 728334
3720 312930 191401 78944 2583040 1933158 752571
3730 322194 195296 79030 2866951 1953958 637740
3740 289063 183006 65144 2408470 1877768 692388
3750 296953 193188 71977 2703285 2003282 600244
3760 306939 174955 71962 2474529 1987551 725677
3770 270627 191867 82072 2763499 2041143 766125
3780 287954 166924 72065 2740956 1882185 693117
3790 291420 185638 84288 2534380 2020060 645752
3800 317695 182382 70637 2825342 2231327 788906
3810 307625 197360 83037 2926676 1917048 704603
3820 317751 201372 93249 2803003 1959116 649429
3830 264622 206944 74459 2587179 1970531 690224
3840 293521 204469 85777 2750250 1886520 734310
3850 343138 215703 76740 2690310 1875381 754264
3860 315286 186458 83023 2684562 1743646 671333
3870 307409 164836 69829 2760010 1947668 723371
3880 335699 207129 83322 2824014 2043450 784048
3890 329473 211779 76641 2772630 2387008 702104
3900 297370 174012 83442 2770388 2116433 791384
3910 326145 197709 86911 2769467 1981862 813059
3920 307325 193704 82183 2900878 1999272 734924
3930 342736 153001 83144 2857291 2011964 838447
3940 321541 204184 73179 2676614 2153028 836219
3950 308267 181184 74079 2869165 1746467 710247
3960 326797 183055 83835 2568302 2024607 747938
3970 317537 217546 80746 2929580 2024408 824278
3980 310305 197181 74432 2874270 1637936 793107
3990 286030 207948 83942 2797772 1996633 735972
4000 289942 202648 71172 2737470 2045702 709040
4000 289942 202648 71172 2737470 2045702 709040
8000 507256 344241 106644 4902641 3543023 1375784
16000 798334 512136 202670 8304388 6184217 2311617
32000 1074985 704396 365785 12101764 10456406 4118999
64000 2338207 942010 506078 23109666 16218252 6846610
128000 2886147 1548887 815923 39398081 31117760 12493242
256000 4537566 2536008 1601031 61313044 49492886 19750964
512000 6285828 3421819 2502362 109577396 89326652 31363563
1024000 9886418 5591371 2965321 170994570 139407161 54739517
