10 0.00000000 -0.00000000 -0.00000000 -0.00703833 -0.01127106 -0.02137636
20 0.00000000 -0.00103698 -0.00336043 -0.01205968 -0.01184929 -0.02392894
30 -0.00000000 -0.00130119 -0.00577262 -0.01133216 -0.01443098 -0.02558774
40 -0.00000000 -0.00327457 -0.00628812 -0.01306309 -0.01558549 -0.02800127
50 -0.00000000 -0.00296876 -0.01151592 -0.01296456 -0.01582913 -0.02841385
60 -0.00000000 -0.00254163 -0.00726292 -0.01224408 -0.01547229 -0.02868788
70 -0.00000000 -0.00315321 -0.01043798 -0.01422655 -0.01592119 -0.02851694
80 -0.00000000 -0.00369348 -0.01123149 -0.01321342 -0.01564453 -0.02910436
90 -0.00000000 -0.00361010 -0.01102558 -0.01397979 -0.01590267 -0.02681922
100 -0.00000000 -0.00414281 -0.01113309 -0.01417418 -0.01622399 -0.02872815
110 -0.00137625 -0.00577821 -0.00981142 -0.01415660 -0.01736356 -0.02891578
120 -0.00188257 -0.00456361 -0.01390213 -0.01334240 -0.01637984 -0.02919928
130 -0.00095462 -0.00457513 -0.01523788 -0.01386211 -0.01660795 -0.02978337
140 -0.00122829 -0.00426476 -0.01312308 -0.01479839 -0.01770299 -0.02886184
150 -0.00474027 -0.00612005 -0.01362584 -0.01444559 -0.01696697 -0.02968300
160 -0.00196205 -0.00670702 -0.01442342 -0.01440252 -0.01688441 -0.02909314
170 -0.00061705 -0.00506786 -0.01698617 -0.01481401 -0.01729921 -0.03094202
180 -0.00323697 -0.00751893 -0.01605205 -0.01439841 -0.01698384 -0.03092348
190 -0.00412717 -0.00684141 -0.01659274 -0.01521243 -0.01746553 -0.02938999
200 -0.00205944 -0.00631807 -0.01394397 -0.01449757 -0.01768189 -0.02921835
210 -0.00440608 -0.00604540 -0.01807169 -0.01480587 -0.01758883 -0.03124695
220 -0.00341027 -0.00878266 -0.01883638 -0.01458090 -0.01760132 -0.02944331
230 -0.00259237 -0.00726600 -0.01710779 -0.01497813 -0.01749792 -0.02996062
240 -0.00556580 -0.00747703 -0.01693348 -0.01462941 -0.01740288 -0.02894187
250 -0.00535319 -0.00739349 -0.01875541 -0.01496582 -0.01811694 -0.02966230
260 -0.00567260 -0.00889812 -0.01756395 -0.01487433 -0.01758161 -0.03010465
270 -0.00634106 -0.00938218 -0.02014426 -0.01497974 -0.01768095 -0.03015413
280 -0.00545939 -0.00713887 -0.01808756 -0.01494290 -0.01714525 -0.03000324
290 -0.00601758 -0.00833819 -0.01795398 -0.01472243 -0.01796093 -0.02932468
300 -0.00483532 -0.00862811 -0.02127320 -0.01527928 -0.01726808 -0.03024721
310 -0.00562104 -0.00806251 -0.01871832 -0.01462596 -0.01819255 -0.03019314
320 -0.00477986 -0.00769885 -0.01765479 -0.01471913 -0.01789695 -0.03066432
330 -0.00325072 -0.00931167 -0.01874057 -0.01466016 -0.01829799 -0.03020744
340 -0.00514804 -0.00933505 -0.01841473 -0.01519542 -0.01797141 -0.02936439
350 -0.00574196 -0.00933885 -0.01876133 -0.01486918 -0.01823917 -0.03063521
360 -0.00567229 -0.00853887 -0.02123898 -0.01479000 -0.01801212 -0.03084795
370 -0.00651500 -0.00941922 -0.02000874 -0.01530349 -0.01804283 -0.03019842
380 -0.00609060 -0.00901967 -0.01847848 -0.01542107 -0.01815496 -0.03069826
390 -0.00600593 -0.00791068 -0.01877219 -0.01496453 -0.01792179 -0.03063488
400 -0.00637325 -0.00859100 -0.01895839 -0.01533351 -0.01782380 -0.03124940
410 -0.00698390 -0.00892200 -0.01685079 -0.01530560 -0.01796078 -0.03021965
420 -0.00627236 -0.00995078 -0.01767557 -0.01490211 -0.01750775 -0.03002502
430 -0.00698404 -0.00753783 -0.01820284 -0.01535673 -0.01799965 -0.02969471
440 -0.00644022 -0.00971748 -0.01863509 -0.01480237 -0.01818513 -0.03099648
450 -0.00751605 -0.00843494 -0.01766041 -0.01512249 -0.01735363 -0.03067826
460 -0.00647412 -0.00802125 -0.01825772 -0.01509680 -0.01858739 -0.03080593
470 -0.00704492 -0.01017137 -0.01967862 -0.01528481 -0.01804777 -0.03084248
480 -0.00704932 -0.01058628 -0.01782081 -0.01544015 -0.01809994 -0.03087747
490 -0.00673111 -0.01006333 -0.01940316 -0.01459465 -0.01834334 -0.03077677
500 -0.00781440 -0.00943376 -0.01906299 -0.01527127 -0.01849034 -0.03042531
510 -0.00737703 -0.00899205 -0.02080630 -0.01514670 -0.01816518 -0.03046474
520 -0.00841946 -0.01010339 -0.01950045 -0.01489181 -0.01833944 -0.03000411
530 -0.00655255 -0.01021431 -0.02068609 -0.01526035 -0.01831144 -0.03035849
540 -0.00689806 -0.00946786 -0.01933533 -0.01510239 -0.01839454 -0.03118727
550 -0.00445096 -0.01092977 -0.01940919 -0.01516561 -0.01805639 -0.03047751
560 -0.00705721 -0.00939206 -0.01849092 -0.01524288 -0.01768355 -0.03064715
570 -0.00869643 -0.01017012 -0.02044263 -0.01516912 -0.01827309 -0.03080983
580 -0.00688737 -0.01086103 -0.02008290 -0.01483034 -0.01837401 -0.03100520
590 -0.00647114 -0.01024826 -0.02053066 -0.01562118 -0.01828472 -0.03133982
600 -0.00740163 -0.01065585 -0.02112022 -0.01551774 -0.01860942 -0.03169732
610 -0.00689977 -0.01054561 -0.02052283 -0.01500928 -0.01855561 -0.03123741
620 -0.00759845 -0.01021222 -0.02010307 -0.01541206 -0.01824992 -0.03023736
630 -0.00763101 -0.00897652 -0.02052057 -0.01517632 -0.01869638 -0.03088698
640 -0.00746119 -0.01089003 -0.02046372 -0.01517123 -0.01836987 -0.03139064
650 -0.00786191 -0.01092504 -0.02192862 -0.01498155 -0.01848279 -0.03033610
660 -0.00962248 -0.00974324 -0.02113356 -0.01494218 -0.01845326 -0.03149772
670 -0.00712795 -0.01073473 -0.01954005 -0.01514763 -0.01839489 -0.03131702
680 -0.00768807 -0.01025266 -0.02095062 -0.01499490 -0.01847226 -0.03105890
690 -0.00844095 -0.01027818 -0.02077073 -0.01549316 -0.01815310 -0.03114695
700 -0.00934768 -0.01143740 -0.02216905 -0.01498548 -0.01846228 -0.03100524
710 -0.00833319 -0.01061766 -0.02056549 -0.01503440 -0.01821155 -0.03101139
720 -0.00696059 -0.01117251 -0.01895331 -0.01542367 -0.01850448 -0.03039539
730 -0.00869345 -0.01053844 -0.02228982 -0.01565089 -0.01819569 -0.03093058
740 -0.00800599 -0.01081889 -0.02029125 -0.01451710 -0.01871067 -0.03097502
750 -0.00782824 -0.01043703 -0.02202985 -0.01536382 -0.01863662 -0.03136225
760 -0.00773212 -0.01091399 -0.01914454 -0.01554165 -0.01827829 -0.03108017
770 -0.00807449 -0.01052162 -0.02077366 -0.01513846 -0.01838700 -0.03112633
780 -0.00778867 -0.01142271 -0.02282921 -0.01528029 -0.01846597 -0.03173921
790 -0.00887883 -0.01076990 -0.02104827 -0.01496662 -0.01833588 -0.03093045
800 -0.00898936 -0.01044682 -0.02227221 -0.01557504 -0.01838956 -0.03114087
810 -0.00717618 -0.01057388 -0.02037708 -0.01567561 -0.01863442 -0.03137685
820 -0.00673846 -0.00988363 -0.01977453 -0.01599402 -0.01858666 -0.03121128
830 -0.00779256 -0.01012832 -0.02056259 -0.01563424 -0.01883122 -0.03081825
840 -0.00798710 -0.01002634 -0.02244318 -0.01553688 -0.01848843 -0.03108545
850 -0.00707296 -0.00910100 -0.01997542 -0.01514914 -0.01853512 -0.03139506
860 -0.00781676 -0.01047066 -0.02278591 -0.01549021 -0.01835979 -0.03074230
870 -0.00782971 -0.01091580 -0.02162875 -0.01525706 -0.01846318 -0.03132240
880 -0.00709203 -0.01039979 -0.02110043 -0.01548783 -0.01811291 -0.03148206
890 -0.00844490 -0.01083575 -0.02108620 -0.01555251 -0.01785968 -0.03075993
900 -0.00826657 -0.01063116 -0.02034682 -0.01566619 -0.01875108 -0.03090055
910 -0.00846827 -0.00958685 -0.02249036 -0.01557773 -0.01858117 -0.03153864
920 -0.00908617 -0.01078128 -0.02060386 -0.01541116 -0.01866787 -0.03074764
930 -0.00827763 -0.00978763 -0.02085577 -0.01547388 -0.01896656 -0.03076609
940 -0.00985771 -0.01161049 -0.02031377 -0.01566288 -0.01870455 -0.03100406
950 -0.00859065 -0.01026597 -0.02248127 -0.01550482 -0.01875597 -0.03146808
960 -0.00700783 -0.01143190 -0.02147923 -0.01558442 -0.01847553 -0.03126107
970 -0.00945548 -0.01104936 -0.02014873 -0.01560264 -0.01837052 -0.03140848
980 -0.00881449 -0.01052783 -0.01970665 -0.01563611 -0.01854123 -0.03043488
990 -0.00789317 -0.01194501 -0.02041530 -0.01530388 -0.01859846 -0.03144813
1000 -0.00842394 -0.01012538 -0.02141737 -0.01530263 -0.01885240 -0.03160932
1010 -0.00888010 -0.00941406 -0.02195501 -0.01568083 -0.01864322 -0.03090252
1020 -0.00915227 -0.01171148 -0.02301990 -0.01533482 -0.01870240 -0.03091833
1030 -0.00868460 -0.01113437 -0.02348256 -0.01559128 -0.01852896 -0.03183118
1040 -0.00918739 -0.01046836 -0.02026511 -0.01575236 -0.01869778 -0.03044741
1050 -0.00976771 -0.01177584 -0.02110398 -0.01562618 -0.01897679 -0.03076245
1060 -0.00965624 -0.01162021 -0.02181856 -0.01568070 -0.01924825 -0.03195126
1070 -0.00983739 -0.01126106 -0.02101182 -0.01516693 -0.01879659 -0.03084921
1080 -0.00969134 -0.01039601 -0.02088381 -0.01564113 -0.01885148 -0.03098380
1090 -0.00851779 -0.01111596 -0.02152881 -0.01575849 -0.01862729 -0.03158153
1100 -0.00861306 -0.01109189 -0.02133046 -0.01599361 -0.01874397 -0.03124931
1110 -0.00896022 -0.01147552 -0.02142959 -0.01532206 -0.01891933 -0.03195950
1120 -0.01021796 -0.01152369 -0.02240026 -0.01577566 -0.01859596 -0.03112292
1130 -0.00832441 -0.01154438 -0.02272536 -0.01575917 -0.01878127 -0.03148525
1140 -0.00867459 -0.01159011 -0.02324964 -0.01556414 -0.01874936 -0.03114975
1150 -0.00880381 -0.01120642 -0.02163083 -0.01544656 -0.01857490 -0.03045405
1160 -0.00919018 -0.01193936 -0.02284593 -0.01538836 -0.01855043 -0.03130429
1170 -0.00825229 -0.01228724 -0.02157960 -0.01547300 -0.01867488 -0.03066661
1180 -0.00934104 -0.01058961 -0.02295849 -0.01570687 -0.01844369 -0.03184332
1190 -0.00903930 -0.01325923 -0.02158104 -0.01563205 -0.01904801 -0.03135212
1200 -0.00878106 -0.01240379 -0.01975619 -0.01546838 -0.01904836 -0.03132039
1210 -0.00960555 -0.01057320 -0.01997643 -0.01562452 -0.01857782 -0.03152151
1220 -0.01055997 -0.01146901 -0.02167351 -0.01538858 -0.01852332 -0.03219709
1230 -0.00860823 -0.01162118 -0.02088763 -0.01575630 -0.01875343 -0.03098746
1240 -0.00911311 -0.01101578 -0.02158132 -0.01592909 -0.01883080 -0.03159428
1250 -0.00920502 -0.01023655 -0.02258925 -0.01563311 -0.01878884 -0.03106173
1260 -0.00971303 -0.01141017 -0.02263718 -0.01571306 -0.01882451 -0.03125368
1270 -0.00966638 -0.01193843 -0.02428957 -0.01576938 -0.01826575 -0.03116797
1280 -0.01064154 -0.01164399 -0.02335533 -0.01566920 -0.01868817 -0.03160185
1290 -0.00920892 -0.01223043 -0.02160726 -0.01557340 -0.01871823 -0.03198072
1300 -0.00901506 -0.01191734 -0.02120714 -0.01546076 -0.01923664 -0.03109731
1310 -0.00967339 -0.01094979 -0.02381816 -0.01548011 -0.01852400 -0.03139180
1320 -0.00823364 -0.01182702 -0.01988034 -0.01541782 -0.01899537 -0.03196492
1330 -0.01067076 -0.01144629 -0.02213798 -0.01569241 -0.01900026 -0.03155987
1340 -0.00822219 -0.01154048 -0.02251254 -0.01578655 -0.01864322 -0.03143072
1350 -0.00858433 -0.01076238 -0.02267889 -0.01552500 -0.01877619 -0.03196890
1360 -0.00948642 -0.01219504 -0.02147703 -0.01574164 -0.01870136 -0.03117210
1370 -0.00958376 -0.01169241 -0.02308504 -0.01578171 -0.01877083 -0.03163518
1380 -0.00890085 -0.01147703 -0.02244508 -0.01527994 -0.01884828 -0.03191855
1390 -0.00949078 -0.01225170 -0.02259216 -0.01569990 -0.01880262 -0.03106467
1400 -0.00923664 -0.00971249 -0.02220331 -0.01574012 -0.01902098 -0.03059546
1410 -0.01020250 -0.01234055 -0.02167763 -0.01524561 -0.01867988 -0.03141707
1420 -0.00912846 -0.01193738 -0.02233343 -0.01595772 -0.01850246 -0.03080439
1430 -0.00893120 -0.01101594 -0.02173940 -0.01584133 -0.01887996 -0.03118006
1440 -0.00983967 -0.01133700 -0.02247562 -0.01594473 -0.01916665 -0.03170990
1450 -0.01006638 -0.01239560 -0.02305534 -0.01558068 -0.01881553 -0.03133278
1460 -0.01007651 -0.01179349 -0.02067621 -0.01572655 -0.01863622 -0.03086161
1470 -0.00977809 -0.01064883 -0.02318022 -0.01552694 -0.01919557 -0.03129483
1480 -0.00946374 -0.01245667 -0.02338664 -0.01599724 -0.01886486 -0.03102970
1490 -0.00932207 -0.01323059 -0.02096783 -0.01576873 -0.01884509 -0.03130931
1500 -0.00888707 -0.01214370 -0.02010937 -0.01572367 -0.01879694 -0.03161106
1510 -0.01016230 -0.01227226 -0.02294960 -0.01564349 -0.01842604 -0.03079988
1520 -0.01027130 -0.01174060 -0.02362524 -0.01593446 -0.01835697 -0.03118367
1530 -0.01012996 -0.01217339 -0.02263158 -0.01589754 -0.01876819 -0.03148294
1540 -0.00958898 -0.01227578 -0.02379619 -0.01572660 -0.01884025 -0.03187452
1550 -0.00903388 -0.01218880 -0.02181674 -0.01588465 -0.01886335 -0.03083514
1560 -0.00793995 -0.01231007 -0.02270068 -0.01593909 -0.01875408 -0.03150282
1570 -0.01072171 -0.01208854 -0.02222889 -0.01556095 -0.01885075 -0.03214149
1580 -0.00965215 -0.01278586 -0.02087429 -0.01574756 -0.01891410 -0.03149665
1590 -0.01029279 -0.01262604 -0.02229099 -0.01581410 -0.01847097 -0.03172434
1600 -0.00958943 -0.01184743 -0.02269250 -0.01565401 -0.01898311 -0.03145707
1610 -0.00938381 -0.01216522 -0.02240315 -0.01582145 -0.01900805 -0.03133695
1620 -0.00886856 -0.01227408 -0.02253316 -0.01602943 -0.01895340 -0.03211888
1630 -0.01053958 -0.01258111 -0.02356811 -0.01577342 -0.01911163 -0.03159760
1640 -0.01013764 -0.01234286 -0.02375741 -0.01555806 -0.01905156 -0.03074314
1650 -0.00915950 -0.01227640 -0.02439532 -0.01543464 -0.01915194 -0.03161544
1660 -0.00997202 -0.01252443 -0.02096845 -0.01564342 -0.01842754 -0.03170554
1670 -0.01002107 -0.01240439 -0.02354682 -0.01588455 -0.01859658 -0.03103695
1680 -0.01044794 -0.01213772 -0.02122741 -0.01565031 -0.01937164 -0.03116366
1690 -0.00925237 -0.01206305 -0.02348063 -0.01590052 -0.01876888 -0.03152113
1700 -0.01027289 -0.01143213 -0.02448162 -0.01531615 -0.01876287 -0.03118660
1710 -0.00982046 -0.01236016 -0.02187530 -0.01596214 -0.01903581 -0.03099489
1720 -0.00928273 -0.01250913 -0.02161873 -0.01575874 -0.01879322 -0.03169266
1730 -0.01055459 -0.01233707 -0.02388967 -0.01570168 -0.01889583 -0.03144995
1740 -0.01012085 -0.01154172 -0.02224725 -0.01578538 -0.01849208 -0.03177251
1750 -0.00951676 -0.01240023 -0.02435347 -0.01587952 -0.01873257 -0.03174373
1760 -0.00981276 -0.01229663 -0.02275624 -0.01582732 -0.01882024 -0.03184212
1770 -0.00878805 -0.01236587 -0.02126824 -0.01576410 -0.01857551 -0.03196354
1780 -0.00962942 -0.01144082 -0.02258050 -0.01570013 -0.01864578 -0.03087310
1790 -0.01001640 -0.01214143 -0.02447507 -0.01596277 -0.01890727 -0.03141640
1800 -0.01080472 -0.01207516 -0.02281287 -0.01596197 -0.01872831 -0.03157550
1810 -0.00968592 -0.01193824 -0.02231871 -0.01567697 -0.01894553 -0.03185533
1820 -0.00940978 -0.01278609 -0.02369436 -0.01573042 -0.01899340 -0.03146731
1830 -0.00977277 -0.01162356 -0.02350318 -0.01556403 -0.01904927 -0.03231531
1840 -0.00865865 -0.01133642 -0.02299162 -0.01568261 -0.01873473 -0.03188618
1850 -0.00997354 -0.01203355 -0.02341851 -0.01575945 -0.01885754 -0.03094682
1860 -0.01040318 -0.01212050 -0.02254835 -0.01583466 -0.01873591 -0.03116262
1870 -0.01059568 -0.01232059 -0.02371470 -0.01577750 -0.01879619 -0.03182967
1880 -0.00882327 -0.01200976 -0.02397361 -0.01550141 -0.01903587 -0.03184926
1890 -0.00893917 -0.01271552 -0.02344895 -0.01588848 -0.01898415 -0.03193197
1900 -0.01053335 -0.01178229 -0.02282168 -0.01547901 -0.01906806 -0.03173072
1910 -0.01086063 -0.01284813 -0.02272146 -0.01577472 -0.01853770 -0.03166762
1920 -0.01026610 -0.01234885 -0.02392547 -0.01594868 -0.01874278 -0.03143733
1930 -0.00901867 -0.01284316 -0.02321495 -0.01546797 -0.01906051 -0.03155057
1940 -0.01083864 -0.01257857 -0.02308455 -0.01539165 -0.01931491 -0.03153368
1950 -0.01061995 -0.01255883 -0.02244463 -0.01586768 -0.01897669 -0.03209371
1960 -0.00998531 -0.01256998 -0.02289904 -0.01602757 -0.01855730 -0.03142560
1970 -0.01070379 -0.01283153 -0.02328950 -0.01576150 -0.01878202 -0.03226787
1980 -0.01101707 -0.01194047 -0.02331327 -0.01577579 -0.01908574 -0.03200036
1990 -0.01015469 -0.01227697 -0.02343217 -0.01597405 -0.01866105 -0.03181497
2000 -0.01066442 -0.01316573 -0.02199309 -0.01590011 -0.01921791 -0.03185961
2010 -0.01030720 -0.01095919 -0.02355638 -0.01578966 -0.01909190 -0.03177626
2020 -0.01191791 -0.01262457 -0.02309375 -0.01580286 -0.01906481 -0.03181721
2030 -0.01068708 -0.01220141 -0.02301208 -0.01593722 -0.01883127 -0.03142607
2040 -0.01042314 -0.01277993 -0.02303802 -0.01551076 -0.01906195 -0.03195444
2050 -0.00997758 -0.01275961 -0.02227597 -0.01575675 -0.01877109 -0.03134799
2060 -0.01061154 -0.01317111 -0.02278367 -0.01594153 -0.01909541 -0.03180064
2070 -0.00992622 -0.01156270 -0.02297417 -0.01588301 -0.01892060 -0.03084690
2080 -0.01055511 -0.01213801 -0.02339897 -0.01570608 -0.01837078 -0.03156671
2090 -0.00959848 -0.01250962 -0.02274307 -0.01566356 -0.01891293 -0.03125113
2100 -0.01062892 -0.01256252 -0.02422364 -0.01581510 -0.01918637 -0.03143513
2110 -0.01025605 -0.01203042 -0.02409295 -0.01548425 -0.01912608 -0.03152186
2120 -0.01163492 -0.01213587 -0.02348485 -0.01593321 -0.01817767 -0.03186707
2130 -0.00955023 -0.01287506 -0.02413181 -0.01586321 -0.01881080 -0.03200421
2140 -0.01108647 -0.01269226 -0.02304892 -0.01565777 -0.01909314 -0.03148909
2150 -0.01083121 -0.01227409 -0.02341040 -0.01585989 -0.01926233 -0.03107180
2160 -0.01061887 -0.01319300 -0.02317382 -0.01585453 -0.01885707 -0.03151239
2170 -0.01062909 -0.01173143 -0.02223187 -0.01558303 -0.01922708 -0.03155120
2180 -0.00917227 -0.01257604 -0.02291142 -0.01603049 -0.01911586 -0.03153504
2190 -0.01135905 -0.01261332 -0.02583132 -0.01585842 -0.01875098 -0.03215431
2200 -0.01071815 -0.01277191 -0.02422691 -0.01590734 -0.01876773 -0.03112236
2210 -0.01020669 -0.01241985 -0.02392247 -0.01583839 -0.01914772 -0.03232022
2220 -0.01040436 -0.01284897 -0.02474426 -0.01584229 -0.01863818 -0.03163784
2230 -0.01073712 -0.01263730 -0.02146967 -0.01568417 -0.01834154 -0.03159192
2240 -0.01082179 -0.01250964 -0.02399275 -0.01555200 -0.01911139 -0.03100676
2250 -0.01064660 -0.01246928 -0.02204273 -0.01619237 -0.01888231 -0.03181720
2260 -0.01085114 -0.01252067 -0.02303626 -0.01541176 -0.01892099 -0.03191482
2270 -0.01071062 -0.01258646 -0.02482260 -0.01589682 -0.01902575 -0.03168442
2280 -0.00996200 -0.01249734 -0.02237727 -0.01573765 -0.01891783 -0.03101229
2290 -0.00946615 -0.01217580 -0.02294735 -0.01598383 -0.01880131 -0.03171782
2300 -0.01058196 -0.01283253 -0.02293437 -0.01597547 -0.01877370 -0.03193125
2310 -0.01107906 -0.01191298 -0.02422688 -0.01601329 -0.01909545 -0.03147855
2320 -0.01084111 -0.01293529 -0.02229521 -0.01588015 -0.01913219 -0.03225848
2330 -0.01074698 -0.01263664 -0.02205430 -0.01579310 -0.01907694 -0.03102821
2340 -0.01010731 -0.01333540 -0.02448074 -0.01576800 -0.01923159 -0.03169852
2350 -0.01011969 -0.01231632 -0.02284561 -0.01596138 -0.01882753 -0.03164070
2360 -0.01069611 -0.01276176 -0.02418487 -0.01610505 -0.01896513 -0.03223015
2370 -0.01129137 -0.01242566 -0.02335997 -0.01587621 -0.01888360 -0.03228836
2380 -0.01057094 -0.01323917 -0.02319673 -0.01591840 -0.01872785 -0.03192709
2390 -0.01064074 -0.01341224 -0.02314354 -0.01570170 -0.01890520 -0.03190541
2400 -0.01058782 -0.01337216 -0.02321628 -0.01599274 -0.01881547 -0.03168239
2410 -0.01064082 -0.01246884 -0.02440591 -0.01575775 -0.01903145 -0.03158635
2420 -0.01069210 -0.01191970 -0.02392375 -0.01576227 -0.01870369 -0.03198976
2430 -0.01044941 -0.01270913 -0.02328741 -0.01606628 -0.01927105 -0.03219494
2440 -0.01046451 -0.01340397 -0.02576370 -0.01592468 -0.01917306 -0.03146645
2450 -0.01002898 -0.01334387 -0.02173686 -0.01609675 -0.01939225 -0.03155276
2460 -0.01096733 -0.01238469 -0.02315176 -0.01575744 -0.01889401 -0.03118605
2470 -0.01087341 -0.01349245 -0.02309266 -0.01592065 -0.01886379 -0.03133225
2480 -0.01055523 -0.01188625 -0.02191427 -0.01572664 -0.01920713 -0.03181786
2490 -0.01019771 -0.01295090 -0.02213809 -0.01576433 -0.01904677 -0.03097497
2500 -0.01084962 -0.01278487 -0.02378681 -0.01604479 -0.01904388 -0.03208031
2510 -0.01152515 -0.01349807 -0.02593903 -0.01585376 -0.01899706 -0.03192127
2520 -0.01065220 -0.01297612 -0.02322183 -0.01597624 -0.01914373 -0.03214660
2530 -0.01057565 -0.01294889 -0.02604291 -0.01584957 -0.01918144 -0.03187517
2540 -0.01091497 -0.01301942 -0.02434423 -0.01565780 -0.01900568 -0.03186849
2550 -0.01114752 -0.01248606 -0.02471929 -0.01601256 -0.01880418 -0.03175787
2560 -0.01019068 -0.01384866 -0.02458697 -0.01607399 -0.01899660 -0.03178582
2570 -0.01086194 -0.01274473 -0.02277229 -0.01557977 -0.01921008 -0.03214261
2580 -0.00995064 -0.01231838 -0.02327201 -0.01591663 -0.01890178 -0.03158986
2590 -0.00919252 -0.01304515 -0.02447990 -0.01566225 -0.01926960 -0.03168803
2600 -0.00971698 -0.01353072 -0.02437967 -0.01567316 -0.01901202 -0.03152437
2610 -0.01099927 -0.01181779 -0.02373410 -0.01588994 -0.01898228 -0.03162399
2620 -0.01113523 -0.01223002 -0.02325592 -0.01576865 -0.01938771 -0.03172354
2630 -0.01106759 -0.01386977 -0.02385332 -0.01577598 -0.01877231 -0.03147648
2640 -0.01047354 -0.01257342 -0.02235403 -0.01586075 -0.01918651 -0.03135598
2650 -0.01113516 -0.01220572 -0.02323824 -0.01590419 -0.01840475 -0.03222360
2660 -0.01005178 -0.01257280 -0.02497657 -0.01562864 -0.01928212 -0.03201038
2670 -0.01172298 -0.01226605 -0.02342992 -0.01587962 -0.01920849 -0.03177877
2680 -0.01162565 -0.01272536 -0.02525907 -0.01602199 -0.01925418 -0.03199789
2690 -0.01087194 -0.01309030 -0.02370269 -0.01575188 -0.01906121 -0.03169995
2700 -0.01005457 -0.01372183 -0.02363711 -0.01596301 -0.01870207 -0.03199009
2710 -0.01089279 -0.01222557 -0.02238113 -0.01568444 -0.01918727 -0.03193438
2720 -0.00945630 -0.01298834 -0.02456105 -0.01588257 -0.01945001 -0.03191793
2730 -0.01080694 -0.01362912 -0.02570151 -0.01575876 -0.01883276 -0.03150901
2740 -0.01202919 -0.01326025 -0.02356135 -0.01600649 -0.01913620 -0.03208111
2750 -0.01128667 -0.01256899 -0.02371893 -0.01593633 -0.01893547 -0.03213379
2760 -0.01157860 -0.01289376 -0.02368758 -0.01591739 -0.01874333 -0.03174738
2770 -0.01075709 -0.01240032 -0.02282064 -0.01555928 -0.01908509 -0.03145059
2780 -0.01057957 -0.01262962 -0.02524423 -0.01577718 -0.01870793 -0.03191433
2790 -0.01081423 -0.01333271 -0.02422898 -0.01572948 -0.01880215 -0.03144123
2800 -0.01087084 -0.01276874 -0.02382394 -0.01592210 -0.01871356 -0.03137148
2810 -0.01097081 -0.01306996 -0.02457920 -0.01602314 -0.01878338 -0.03197321
2820 -0.01033522 -0.01297546 -0.02302858 -0.01571337 -0.01852344 -0.03161850
2830 -0.01053043 -0.01328928 -0.02311432 -0.01583301 -0.01901495 -0.03187084
2840 -0.01161588 -0.01351102 -0.02358074 -0.01576310 -0.01888811 -0.03207630
2850 -0.01061684 -0.01272576 -0.02480216 -0.01554570 -0.01942546 -0.03208998
2860 -0.01155278 -0.01261854 -0.02506511 -0.01561349 -0.01886479 -0.03154149
2870 -0.01153053 -0.01307840 -0.02582166 -0.01594721 -0.01891254 -0.03195652
2880 -0.01072795 -0.01276284 -0.02553074 -0.01603926 -0.01913969 -0.03126435
2890 -0.01080313 -0.01303159 -0.02403329 -0.01594998 -0.01901951 -0.03177217
2900 -0.01058893 -0.01315495 -0.02447605 -0.01559681 -0.01892318 -0.03179876
2910 -0.01098943 -0.01350659 -0.02292447 -0.01581284 -0.01926214 -0.03169123
2920 -0.01138350 -0.01302780 -0.02419393 -0.01605372 -0.01840874 -0.03179908
2930 -0.01063866 -0.01363742 -0.02287862 -0.01602487 -0.01871790 -0.03202487
2940 -0.01163970 -0.01323246 -0.02290481 -0.01596274 -0.01905177 -0.03179767
2950 -0.01021127 -0.01293783 -0.02137928 -0.01599959 -0.01887768 -0.03224662
2960 -0.01163344 -0.01359608 -0.02406133 -0.01578418 -0.01924964 -0.03187479
2970 -0.01086004 -0.01223733 -0.02359101 -0.01589771 -0.01931441 -0.03193914
2980 -0.01094102 -0.01387745 -0.02421410 -0.01577658 -0.01926544 -0.03192049
2990 -0.01034505 -0.01228909 -0.02255959 -0.01604454 -0.01932591 -0.03207531
3000 -0.01076367 -0.01346475 -0.02425952 -0.01602166 -0.01933149 -0.03240889
3010 -0.01079414 -0.01242099 -0.02492923 -0.01575307 -0.01925737 -0.03228462
3020 -0.01082830 -0.01203175 -0.02496407 -0.01587103 -0.01934197 -0.03176909
3030 -0.01136060 -0.01281770 -0.02495439 -0.01612059 -0.01927133 -0.03192128
3040 -0.01048280 -0.01257800 -0.02479025 -0.01586801 -0.01878410 -0.03135266
3050 -0.01089924 -0.01319126 -0.02418629 -0.01614512 -0.01922844 -0.03155105
3060 -0.01032563 -0.01273716 -0.02420574 -0.01581393 -0.01913609 -0.03187091
3070 -0.01035816 -0.01363085 -0.02481111 -0.01583766 -0.01926530 -0.03195072
3080 -0.00988318 -0.01341626 -0.02477245 -0.01593675 -0.01907911 -0.03155914
3090 -0.01076530 -0.01328507 -0.02500262 -0.01595326 -0.01909893 -0.03200091
3100 -0.01091258 -0.01335894 -0.02347660 -0.01574082 -0.01914668 -0.03170860
3110 -0.01135579 -0.01237697 -0.02284122 -0.01574655 -0.01905635 -0.03181836
3120 -0.01001257 -0.01281484 -0.02379774 -0.01585144 -0.01906126 -0.03228282
3130 -0.01144850 -0.01208403 -0.02356753 -0.01570618 -0.01922250 -0.03227682
3140 -0.00994526 -0.01334276 -0.02355545 -0.01591327 -0.01920066 -0.03196726
3150 -0.01133535 -0.01365414 -0.02406059 -0.01601564 -0.01904698 -0.03174865
3160 -0.01200160 -0.01331445 -0.02346662 -0.01599640 -0.01896383 -0.03200960
3170 -0.00979611 -0.01380515 -0.02477177 -0.01583659 -0.01889505 -0.03174397
3180 -0.01081669 -0.01435084 -0.02443423 -0.01607289 -0.01936882 -0.03238249
3190 -0.01170429 -0.01336934 -0.02343764 -0.01573350 -0.01932028 -0.03216635
3200 -0.01147243 -0.01287759 -0.02418835 -0.01614246 -0.01895953 -0.03240276
3210 -0.01093202 -0.01367323 -0.02395879 -0.01593813 -0.01870778 -0.03166456
3220 -0.01064389 -0.01292874 -0.02385241 -0.01595490 -0.01920126 -0.03240765
3230 -0.01084033 -0.01308159 -0.02469232 -0.01578286 -0.01936766 -0.03150886
3240 -0.01086766 -0.01314263 -0.02440975 -0.01580577 -0.01892909 -0.03174988
3250 -0.01184377 -0.01265713 -0.02471366 -0.01582619 -0.01906666 -0.03197159
3260 -0.01256980 -0.01243632 -0.02339116 -0.01588824 -0.01908050 -0.03121350
3270 -0.01091664 -0.01375178 -0.02438401 -0.01614699 -0.01932120 -0.03225853
3280 -0.01091804 -0.01259987 -0.02325222 -0.01578251 -0.01925710 -0.03178758
3290 -0.01200808 -0.01323760 -0.02329440 -0.01574951 -0.01907601 -0.03122303
3300 -0.00979247 -0.01342109 -0.02388358 -0.01594385 -0.01920304 -0.03128258
3310 -0.01238392 -0.01251873 -0.02317708 -0.01577772 -0.01922404 -0.03123498
3320 -0.01199259 -0.01308706 -0.02493086 -0.01568533 -0.01886789 -0.03183067
3330 -0.01121616 -0.01326348 -0.02469996 -0.01588861 -0.01914371 -0.03181007
3340 -0.01122227 -0.01335910 -0.02388123 -0.01567927 -0.01914598 -0.03188067
3350 -0.01116853 -0.01294399 -0.02321897 -0.01579370 -0.01929824 -0.03160695
3360 -0.01070431 -0.01314335 -0.02391765 -0.01603486 -0.01913922 -0.03196126
3370 -0.01176074 -0.01309913 -0.02394761 -0.01606641 -0.01899349 -0.03230031
3380 -0.01112779 -0.01300381 -0.02494039 -0.01605436 -0.01912929 -0.03203470
3390 -0.01160440 -0.01369340 -0.02398937 -0.01581078 -0.01891450 -0.03200301
3400 -0.01151023 -0.01293757 -0.02447248 -0.01610972 -0.01898097 -0.03223435
3410 -0.01042015 -0.01315709 -0.02499642 -0.01597259 -0.01891532 -0.03241049
3420 -0.01066426 -0.01378134 -0.02387060 -0.01592820 -0.01903432 -0.03226731
3430 -0.01134143 -0.01336206 -0.02358676 -0.01594197 -0.01897292 -0.03179664
3440 -0.01178395 -0.01321588 -0.02477080 -0.01616020 -0.01873675 -0.03214542
3450 -0.01076405 -0.01339940 -0.02480523 -0.01609743 -0.01901372 -0.03248342
3460 -0.01228020 -0.01377992 -0.02588278 -0.01584157 -0.01899789 -0.03209429
3470 -0.01146692 -0.01307584 -0.02541337 -0.01578093 -0.01887524 -0.03182715
3480 -0.01158538 -0.01292687 -0.02375189 -0.01570740 -0.01931820 -0.03185292
3490 -0.01121754 -0.01363398 -0.02363054 -0.01584067 -0.01908112 -0.03187672
3500 -0.01155274 -0.01312055 -0.02466868 -0.01609418 -0.01905584 -0.03186143
3510 -0.01243478 -0.01313343 -0.02434203 -0.01573010 -0.01894648 -0.03203463
3520 -0.01173581 -0.01272455 -0.02465636 -0.01585567 -0.01912501 -0.03130016
3530 -0.01081988 -0.01237475 -0.02383473 -0.01595401 -0.01902044 -0.03218560
3540 -0.01102460 -0.01348720 -0.02568783 -0.01580812 -0.01902503 -0.03174143
3550 -0.01105185 -0.01316564 -0.02531212 -0.01620307 -0.01895026 -0.03222127
3560 -0.01050057 -0.01374537 -0.02455347 -0.01585151 -0.01933198 -0.03192501
3570 -0.01143519 -0.01289454 -0.02443854 -0.01585304 -0.01906713 -0.03207548
3580 -0.01090257 -0.01367626 -0.02394682 -0.01594293 -0.01868743 -0.03231119
3590 -0.01176916 -0.01404633 -0.02508969 -0.01585392 -0.01906194 -0.03222581
3600 -0.01135434 -0.01383651 -0.02355339 -0.01574911 -0.01898772 -0.03155932
3610 -0.01189871 -0.01314069 -0.02466542 -0.01586426 -0.01903998 -0.03207059
3620 -0.01239574 -0.01293015 -0.02493795 -0.01573822 -0.01894290 -0.03201909
3630 -0.01146614 -0.01294054 -0.02415634 -0.01570831 -0.01907079 -0.03143620
3640 -0.01100857 -0.01299921 -0.02393479 -0.01603527 -0.01896638 -0.03200022
3650 -0.01068163 -0.01332400 -0.02192066 -0.01577396 -0.01919691 -0.03191778
3660 -0.01119856 -0.01248102 -0.02534582 -0.01576440 -0.01912845 -0.03192634
3670 -0.01250417 -0.01349047 -0.02384542 -0.01600611 -0.01903900 -0.03135422
3680 -0.01289250 -0.01388892 -0.02390698 -0.01607214 -0.01888079 -0.03183949
3690 -0.01227094 -0.01314653 -0.02506778 -0.01580446 -0.01907503 -0.03146508
3700 -0.01185136 -0.01336878 -0.02443528 -0.01596123 -0.01927152 -0.03201024
3710 -0.01129187 -0.01372808 -0.02335359 -0.01580319 -0.01881401 -0.03221022
3720 -0.01135186 -0.01287715 -0.02519087 -0.01589933 -0.01912100 -0.03183287
3730 -0.01218279 -0.01343730 -0.02428998 -0.01598868 -0.01920084 -0.03198317
3740 -0.01130374 -0.01306524 -0.02369014 -0.01562175 -0.01898175 -0.03183079
3750 -0.01140579 -0.01373054 -0.02454664 -0.01564989 -0.01921722 -0.03196919
3760 -0.01162788 -0.01380156 -0.02476838 -0.01579391 -0.01916574 -0.03210203
3770 -0.01080760 -0.01345800 -0.02541354 -0.01601344 -0.01898447 -0.03211461
3780 -0.01025826 -0.01277646 -0.02493744 -0.01576293 -0.01924883 -0.03134594
3790 -0.01089954 -0.01383437 -0.02577099 -0.01590133 -0.01922337 -0.03214104
3800 -0.01148456 -0.01285807 -0.02388559 -0.01578576 -0.01941446 -0.03240420
3810 -0.01115175 -0.01353639 -0.02554683 -0.01619568 -0.01895685 -0.03186802
3820 -0.01214759 -0.01398698 -0.02509440 -0.01583930 -0.01917038 -0.03164185
3830 -0.00985500 -0.01333598 -0.02388418 -0.01571362 -0.01910379 -0.03214010
3840 -0.01131836 -0.01335435 -0.02447265 -0.01581859 -0.01887322 -0.03162255
3850 -0.01277869 -0.01372031 -0.02486520 -0.01604641 -0.01893407 -0.03211412
3860 -0.01209473 -0.01356320 -0.02508016 -0.01593064 -0.01913536 -0.03092842
3870 -0.01087847 -0.01278458 -0.02479143 -0.01564379 -0.01906620 -0.03198260
3880 -0.01232087 -0.01426165 -0.02419324 -0.01612629 -0.01885991 -0.03208699
3890 -0.01159399 -0.01360606 -0.02507850 -0.01587659 -0.01922229 -0.03216842
3900 -0.01114603 -0.01358832 -0.02425999 -0.01595625 -0.01922880 -0.03227938
3910 -0.01171479 -0.01319643 -0.02548951 -0.01595833 -0.01913201 -0.03197402
3920 -0.01161353 -0.01334313 -0.02524772 -0.01609513 -0.01902006 -0.03188966
3930 -0.01206058 -0.01239533 -0.02506196 -0.01595079 -0.01917619 -0.03214022
3940 -0.01176200 -0.01361076 -0.02423152 -0.01587050 -0.01923607 -0.03216099
3950 -0.01072956 -0.01320967 -0.02413920 -0.01588682 -0.01899873 -0.03152299
3960 -0.01127646 -0.01353328 -0.02521410 -0.01591633 -0.01943428 -0.03193976
3970 -0.01158872 -0.01317080 -0.02508568 -0.01596367 -0.01894484 -0.03223455
3980 -0.01121941 -0.01389086 -0.02423979 -0.01594925 -0.01849236 -0.03269777
3990 -0.01078286 -0.01344678 -0.02477979 -0.01609235 -0.01928206 -0.03186362
4000 -0.01133822 -0.01332175 -0.02298455 -0.01579618 -0.01901558 -0.03159177
4000 -0.01133822 -0.01332175 -0.02298455 -0.01579618 -0.01901558 -0.03159177
8000 -0.01304401 -0.01471222 -0.02449645 -0.01602263 -0.01916053 -0.03232420
16000 -0.01333759 -0.01508474 -0.02652451 -0.01609526 -0.01939676 -0.03223617
32000 -0.01350486 -0.01537794 -0.02714376 -0.01587754 -0.01955962 -0.03280283
64000 -0.01463171 -0.01591259 -0.02835757 -0.01626603 -0.01950622 -0.03251711
128000 -0.01472359 -0.01688593 -0.02834005 -0.01620240 -0.01957214 -0.03273866
256000 -0.01563245 -0.01810555 -0.03010723 -0.01625654 -0.01955334 -0.03266134
512000 -0.01529636 -0.01830150 -0.03094428 -0.01618314 -0.01993564 -0.03284232
1024000 -0.01555806 -0.01829678 -0.02982065 -0.01640567 -0.01983378 -0.03271251
