1 -0.07146292 -0.06856187 -0.26627219 -0.05871260 -0.09216909 -0.26627219
2 -0.08471140 -0.10466798 -0.21893491 -0.09313671 -0.10320036 -0.21893491
3 -0.09094073 -0.11924788 -0.24260355 -0.08689853 -0.11250000 -0.24260355
4 -0.08931505 -0.12004960 -0.21893491 -0.09162680 -0.12694667 -0.19526627
5 -0.09337785 -0.13554827 -0.26627219 -0.09622313 -0.13609467 -0.24260355
6 -0.09553712 -0.13124088 -0.19526627 -0.09937997 -0.12800933 -0.26627219
7 -0.10009395 -0.13561968 -0.21893491 -0.10125431 -0.12681286 -0.26627219
8 -0.10022296 -0.13808986 -0.26627219 -0.10107778 -0.13124938 -0.31360947
9 -0.09759600 -0.13495314 -0.24260355 -0.09900325 -0.14113522 -0.31360947
10 -0.10147725 -0.13565818 -0.21893491 -0.10073158 -0.13748171 -0.21893491
11 -0.10565523 -0.14004441 -0.26627219 -0.10230077 -0.14327749 -0.26627219
12 -0.10446124 -0.14390587 -0.31360947 -0.10494138 -0.13703703 -0.26627219
13 -0.10414925 -0.14322963 -0.26627219 -0.10507499 -0.13045388 -0.26627219
14 -0.10567265 -0.14263808 -0.26627219 -0.10414612 -0.14142589 -0.24260355
15 -0.10552235 -0.13932419 -0.31360947 -0.10484739 -0.14496596 -0.26627219
16 -0.10390928 -0.14415487 -0.31360947 -0.10697701 -0.14919934 -0.26627219
17 -0.10685380 -0.13623933 -0.26627219 -0.10261670 -0.14506346 -0.26627219
18 -0.10127728 -0.14713099 -0.26627219 -0.10335575 -0.13873180 -0.26627219
19 -0.10668426 -0.14553847 -0.26627219 -0.10624199 -0.14761762 -0.26627219
20 -0.10782907 -0.14525088 -0.26627219 -0.10764892 -0.14722134 -0.26627219
21 -0.10506685 -0.14148203 -0.26627219 -0.10893327 -0.14581188 -0.26627219
22 -0.10891462 -0.15133126 -0.26627219 -0.10949026 -0.14679837 -0.26627219
23 -0.10449465 -0.14405011 -0.31360947 -0.10695159 -0.14808277 -0.26627219
24 -0.10805514 -0.15043196 -0.26627219 -0.10731609 -0.15005683 -0.26627219
25 -0.10540249 -0.14512745 -0.31360947 -0.10816433 -0.14959735 -0.26627219
26 -0.10680950 -0.15038516 -0.26627219 -0.10279945 -0.14867896 -0.26627219
27 -0.11001468 -0.14747577 -0.31360947 -0.10604162 -0.14723705 -0.26627219
28 -0.10691274 -0.14678019 -0.31360947 -0.10729062 -0.14743653 -0.26627219
29 -0.10852435 -0.14509161 -0.31360947 -0.10856843 -0.15048354 -0.31360947
30 -0.10820106 -0.14769269 -0.26627219 -0.10711520 -0.14677093 -0.31360947
31 -0.10881035 -0.14961635 -0.26627219 -0.10802871 -0.14657248 -0.31360947
32 -0.10914750 -0.14862003 -0.31360947 -0.10847289 -0.14700477 -0.31360947
33 -0.10972676 -0.14918725 -0.31360947 -0.11089217 -0.15054162 -0.31360947
34 -0.10601975 -0.14649210 -0.26627219 -0.11072446 -0.14899869 -0.31360947
35 -0.11089339 -0.14771421 -0.31360947 -0.10637090 -0.14909429 -0.26627219
36 -0.10820117 -0.15070791 -0.31360947 -0.10520026 -0.14926822 -0.26627219
37 -0.10724081 -0.15218769 -0.26627219 -0.10606529 -0.15121541 -0.31360947
38 -0.10661845 -0.14969111 -0.26627219 -0.10520925 -0.15002963 -0.31360947
39 -0.11083822 -0.14825302 -0.31360947 -0.11006023 -0.14708883 -0.31360947
40 -0.10955147 -0.14916294 -0.31360947 -0.10927408 -0.15072151 -0.31360947
41 -0.10931244 -0.15260370 -0.31360947 -0.10492328 -0.14983259 -0.31360947
42 -0.10540929 -0.14728323 -0.31360947 -0.11006893 -0.15088063 -0.31360947
43 -0.10958213 -0.14706012 -0.31360947 -0.11341128 -0.14856979 -0.31360947
44 -0.10898744 -0.14646957 -0.31360947 -0.10900095 -0.15075322 -0.31360947
45 -0.11090289 -0.15052152 -0.26627219 -0.10609015 -0.14790882 -0.26627219
46 -0.11103199 -0.14586799 -0.31360947 -0.10869165 -0.14967202 -0.28994083
47 -0.11198392 -0.14899384 -0.31360947 -0.11237562 -0.14882271 -0.31360947
48 -0.10928891 -0.14892538 -0.31360947 -0.10485917 -0.15043296 -0.26627219
49 -0.10826892 -0.14805126 -0.31360947 -0.10649697 -0.14964208 -0.31360947
50 -0.10727787 -0.14849290 -0.31360947 -0.10709873 -0.15028618 -0.31360947
51 -0.10986239 -0.14948314 -0.31360947 -0.11139675 -0.14896307 -0.28994083
52 -0.11050490 -0.14787152 -0.31360947 -0.10569543 -0.14721416 -0.31360947
53 -0.11305038 -0.14900984 -0.31360947 -0.11231058 -0.15031784 -0.31360947
54 -0.11082302 -0.14952668 -0.31360947 -0.10907341 -0.14891409 -0.31360947
55 -0.11254310 -0.14846771 -0.31360947 -0.10797800 -0.14831629 -0.26627219
56 -0.11003965 -0.15178572 -0.31360947 -0.10876124 -0.14986648 -0.31360947
57 -0.10852757 -0.14956444 -0.31360947 -0.11134067 -0.15097248 -0.31360947
58 -0.10980559 -0.15024433 -0.26627219 -0.11149218 -0.14706082 -0.26627219
59 -0.11363449 -0.15243707 -0.31360947 -0.10780511 -0.15067106 -0.31360947
60 -0.10988097 -0.15181042 -0.31360947 -0.10973185 -0.14810854 -0.31360947
61 -0.11104291 -0.14764288 -0.31360947 -0.10969071 -0.15156640 -0.31360947
62 -0.10945596 -0.15162902 -0.31360947 -0.11295225 -0.14727621 -0.31360947
63 -0.11335421 -0.14982837 -0.31360947 -0.11115438 -0.14740170 -0.26627219
64 -0.11407089 -0.14991469 -0.31360947 -0.11013319 -0.15153290 -0.31360947
65 -0.10754219 -0.15223681 -0.26627219 -0.11330936 -0.15179948 -0.31360947
66 -0.11010858 -0.15144049 -0.31360947 -0.11200669 -0.15117926 -0.31360947
67 -0.11418439 -0.15109633 -0.31360947 -0.10985380 -0.15338005 -0.31360947
68 -0.11013861 -0.15101308 -0.31360947 -0.11099998 -0.14941203 -0.31360947
69 -0.11332475 -0.15270225 -0.31360947 -0.11276991 -0.15274867 -0.31360947
70 -0.11219506 -0.15056174 -0.31360947 -0.11162788 -0.15318357 -0.31360947
71 -0.11154323 -0.15153745 -0.31360947 -0.11348868 -0.15264292 -0.31360947
72 -0.10901212 -0.15047724 -0.31360947 -0.10756462 -0.15331605 -0.31360947
73 -0.11031229 -0.15198671 -0.31360947 -0.11013587 -0.15076865 -0.26627219
74 -0.10932047 -0.14988350 -0.31360947 -0.11510686 -0.14852505 -0.31360947
75 -0.11111273 -0.14940744 -0.31360947 -0.10890555 -0.15399940 -0.31360947
76 -0.11362891 -0.15199709 -0.31360947 -0.10947212 -0.15324055 -0.26627219
77 -0.11402322 -0.15214369 -0.31360947 -0.11231565 -0.15102732 -0.31360947
78 -0.11173150 -0.14867345 -0.31360947 -0.11451567 -0.14570702 -0.31360947
79 -0.11186213 -0.15249958 -0.31360947 -0.11351662 -0.15263658 -0.31360947
80 -0.11246558 -0.15386759 -0.31360947 -0.11100392 -0.15144666 -0.31360947
81 -0.11328410 -0.15269394 -0.31360947 -0.11027172 -0.15016637 -0.31360947
82 -0.11209879 -0.14882959 -0.31360947 -0.11002589 -0.15108406 -0.31360947
83 -0.11443046 -0.14514136 -0.31360947 -0.11110494 -0.15103094 -0.31360947
84 -0.11323474 -0.15044431 -0.26627219 -0.10923679 -0.14970538 -0.31360947
85 -0.10847077 -0.15229087 -0.31360947 -0.11089918 -0.14905413 -0.31360947
86 -0.10901922 -0.14867739 -0.31360947 -0.11211527 -0.15221163 -0.31360947
87 -0.11125033 -0.15231782 -0.31360947 -0.11217981 -0.15165456 -0.31360947
88 -0.11390513 -0.15238251 -0.31360947 -0.11417924 -0.15140034 -0.31360947
89 -0.11212158 -0.15113850 -0.31360947 -0.11350403 -0.14916773 -0.31360947
90 -0.11138702 -0.15294110 -0.28994083 -0.11377595 -0.15130356 -0.31360947
91 -0.11166358 -0.15316228 -0.31360947 -0.11293343 -0.15334688 -0.31360947
92 -0.11361123 -0.15283010 -0.31360947 -0.11224844 -0.15356156 -0.28994083
93 -0.10506175 -0.14901867 -0.31360947 -0.11246287 -0.14962986 -0.28994083
94 -0.11463050 -0.15353890 -0.31360947 -0.11395566 -0.15157653 -0.26627219
95 -0.11230104 -0.15113996 -0.31360947 -0.11154706 -0.15209190 -0.31360947
96 -0.10954196 -0.14937539 -0.31360947 -0.11257439 -0.15180212 -0.31360947
97 -0.11202954 -0.15151120 -0.31360947 -0.11258143 -0.15036076 -0.31360947
98 -0.11006411 -0.15171910 -0.26627219 -0.11118782 -0.15204673 -0.31360947
99 -0.11213764 -0.14803346 -0.31360947 -0.11219851 -0.15108617 -0.31360947
100 -0.11160436 -0.14992289 -0.31360947 -0.11351295 -0.14929319 -0.31360947
101 -0.10863728 -0.14952355 -0.31360947 -0.11149110 -0.15013129 -0.31360947
102 -0.11371091 -0.15196774 -0.31360947 -0.10958210 -0.15314601 -0.31360947
103 -0.11019225 -0.15252606 -0.31360947 -0.11336694 -0.15140824 -0.31360947
104 -0.11410151 -0.15301471 -0.31360947 -0.11199058 -0.15420561 -0.31360947
105 -0.11243932 -0.15054124 -0.31360947 -0.11273634 -0.15195785 -0.31360947
106 -0.11295813 -0.15060116 -0.31360947 -0.11396308 -0.15237996 -0.31360947
107 -0.11227732 -0.15258850 -0.31360947 -0.11255552 -0.15232124 -0.31360947
108 -0.11054738 -0.15212646 -0.31360947 -0.11348523 -0.15209857 -0.31360947
109 -0.11432700 -0.15172345 -0.31360947 -0.11407365 -0.15086069 -0.31360947
110 -0.11177269 -0.15242538 -0.31360947 -0.11300529 -0.15234282 -0.31360947
111 -0.11070481 -0.15350829 -0.31360947 -0.11322221 -0.15349730 -0.31360947
112 -0.11037659 -0.15206920 -0.31360947 -0.11435451 -0.15271449 -0.31360947
113 -0.11337180 -0.15225020 -0.31360947 -0.11385109 -0.15380615 -0.31360947
114 -0.11291923 -0.15367219 -0.31360947 -0.11113859 -0.14990000 -0.31360947
115 -0.10898110 -0.14926225 -0.31360947 -0.11161053 -0.15360828 -0.31360947
116 -0.11396843 -0.15308312 -0.31360947 -0.11004962 -0.15408723 -0.31360947
117 -0.11290347 -0.15302209 -0.31360947 -0.11215572 -0.15089227 -0.31360947
118 -0.11255341 -0.15255949 -0.31360947 -0.11188771 -0.15348641 -0.31360947
119 -0.11187796 -0.15374238 -0.31360947 -0.11254619 -0.15416822 -0.31360947
120 -0.11306066 -0.15176719 -0.31360947 -0.11425703 -0.15158533 -0.31360947
121 -0.11204213 -0.15415893 -0.31360947 -0.11287819 -0.15242506 -0.31360947
122 -0.11519506 -0.15425813 -0.31360947 -0.11367457 -0.15187776 -0.31360947
123 -0.11194799 -0.15303826 -0.31360947 -0.10963144 -0.15530316 -0.31360947
124 -0.11128180 -0.15213073 -0.31360947 -0.11133246 -0.15095943 -0.31360947
125 -0.11080214 -0.15091962 -0.31360947 -0.11279139 -0.15176262 -0.31360947
126 -0.11304165 -0.15264843 -0.31360947 -0.11481597 -0.15247123 -0.31360947
127 -0.11487608 -0.15332405 -0.31360947 -0.11309664 -0.15340118 -0.31360947
128 -0.11518754 -0.15099766 -0.31360947 -0.11325955 -0.15194978 -0.31360947
129 -0.11119459 -0.15143503 -0.31360947 -0.11249094 -0.15182237 -0.31360947
130 -0.11186428 -0.15231135 -0.31360947 -0.10941274 -0.15401960 -0.31360947
131 -0.11509867 -0.15343211 -0.31360947 -0.10875351 -0.15293095 -0.31360947
132 -0.11402054 -0.15290574 -0.31360947 -0.11142606 -0.15161227 -0.31360947
133 -0.11371270 -0.14888859 -0.31360947 -0.11267912 -0.15340793 -0.31360947
134 -0.11259680 -0.15378745 -0.31360947 -0.11421387 -0.15212367 -0.31360947
135 -0.11406578 -0.15394575 -0.31360947 -0.11356101 -0.15262022 -0.31360947
136 -0.11422733 -0.15064079 -0.31360947 -0.11290211 -0.15284656 -0.31360947
137 -0.11378633 -0.15498624 -0.31360947 -0.11116247 -0.15242859 -0.31360947
138 -0.11287075 -0.15293384 -0.31360947 -0.11380924 -0.15544418 -0.31360947
139 -0.11342270 -0.15398672 -0.31360947 -0.11278350 -0.15302406 -0.31360947
140 -0.11211116 -0.15313329 -0.31360947 -0.11409546 -0.15178931 -0.31360947
141 -0.11171902 -0.15239560 -0.28994083 -0.11336830 -0.14961405 -0.31360947
142 -0.11153540 -0.15190281 -0.31360947 -0.11582723 -0.15283827 -0.31360947
143 -0.11237899 -0.15265120 -0.31360947 -0.11445792 -0.15472590 -0.31360947
144 -0.11246331 -0.15200912 -0.31360947 -0.11203989 -0.15256079 -0.31360947
145 -0.11351376 -0.15300155 -0.31360947 -0.11541649 -0.15388643 -0.31360947
146 -0.11225364 -0.15291508 -0.31360947 -0.11128635 -0.15394756 -0.28994083
147 -0.11390106 -0.15357527 -0.31360947 -0.11431476 -0.15064162 -0.31360947
148 -0.11441532 -0.15218288 -0.31360947 -0.11355652 -0.15403062 -0.31360947
149 -0.11120133 -0.15438474 -0.31360947 -0.11220012 -0.15248975 -0.31360947
150 -0.11251308 -0.15333388 -0.31360947 -0.11160954 -0.15302444 -0.31360947
151 -0.11286728 -0.15184221 -0.31360947 -0.11342572 -0.15370465 -0.31360947
152 -0.11474137 -0.15372817 -0.31360947 -0.11340584 -0.15330331 -0.31360947
153 -0.11407927 -0.15227899 -0.31360947 -0.11402903 -0.15046220 -0.31360947
154 -0.11534449 -0.15333242 -0.31360947 -0.11280312 -0.15439183 -0.31360947
155 -0.11454041 -0.15273708 -0.31360947 -0.11327290 -0.15034729 -0.31360947
156 -0.11401818 -0.15344562 -0.31360947 -0.11459473 -0.15398889 -0.31360947
157 -0.11200129 -0.15157397 -0.31360947 -0.11223654 -0.15371053 -0.31360947
158 -0.11440144 -0.15259399 -0.31360947 -0.11393982 -0.15292630 -0.31360947
159 -0.11276464 -0.15447909 -0.31360947 -0.11236272 -0.15472844 -0.31360947
160 -0.11264656 -0.15193868 -0.31360947 -0.11385343 -0.15246084 -0.31360947
161 -0.11327632 -0.15306727 -0.31360947 -0.11466555 -0.15329169 -0.31360947
162 -0.11051757 -0.15284050 -0.31360947 -0.11300204 -0.15238130 -0.31360947
163 -0.11333526 -0.15342100 -0.31360947 -0.11436858 -0.15355620 -0.31360947
164 -0.11051663 -0.15239287 -0.31360947 -0.11375016 -0.15169786 -0.31360947
165 -0.11377960 -0.15496406 -0.31360947 -0.11044255 -0.15039753 -0.31360947
166 -0.10994479 -0.15146490 -0.31360947 -0.11236516 -0.15546778 -0.31360947
167 -0.11318679 -0.15293525 -0.31360947 -0.11343175 -0.15478563 -0.31360947
168 -0.11490330 -0.15398364 -0.31360947 -0.11475024 -0.15310556 -0.31360947
169 -0.11069787 -0.15311741 -0.31360947 -0.11296368 -0.15409541 -0.31360947
170 -0.11244630 -0.15106775 -0.31360947 -0.11478114 -0.15108162 -0.31360947
171 -0.11386160 -0.15196499 -0.31360947 -0.11516007 -0.15306246 -0.31360947
172 -0.11407132 -0.15319127 -0.31360947 -0.11226603 -0.15286180 -0.31360947
173 -0.11288935 -0.15380628 -0.31360947 -0.11398007 -0.15187533 -0.31360947
174 -0.11249703 -0.15203949 -0.31360947 -0.11405872 -0.15357940 -0.31360947
175 -0.11413866 -0.15118331 -0.31360947 -0.11426288 -0.15350757 -0.31360947
176 -0.11411266 -0.15029127 -0.31360947 -0.11369870 -0.15371597 -0.31360947
177 -0.11380836 -0.15095360 -0.31360947 -0.11378293 -0.15238537 -0.31360947
178 -0.11306903 -0.15297634 -0.31360947 -0.11511289 -0.15326952 -0.31360947
179 -0.11436777 -0.15410262 -0.31360947 -0.11436078 -0.15200585 -0.31360947
180 -0.11560644 -0.15276375 -0.31360947 -0.11396202 -0.15397105 -0.31360947
181 -0.11304350 -0.15273204 -0.31360947 -0.11495664 -0.15312510 -0.31360947
182 -0.11321869 -0.15238886 -0.31360947 -0.11386993 -0.15319996 -0.31360947
183 -0.11312881 -0.15300216 -0.31360947 -0.11283459 -0.15197497 -0.31360947
184 -0.11459788 -0.15328382 -0.31360947 -0.11223979 -0.15439143 -0.31360947
185 -0.11441317 -0.15430264 -0.31360947 -0.11422541 -0.15387668 -0.31360947
186 -0.11357509 -0.15144129 -0.31360947 -0.11295222 -0.15199986 -0.31360947
187 -0.11457223 -0.15105512 -0.31360947 -0.11346124 -0.15368157 -0.31360947
188 -0.11418465 -0.15391982 -0.31360947 -0.11441427 -0.15292760 -0.31360947
189 -0.11466678 -0.15190385 -0.31360947 -0.11420864 -0.15328609 -0.31360947
190 -0.11421506 -0.15532347 -0.31360947 -0.11562870 -0.15276770 -0.31360947
191 -0.11400055 -0.15343085 -0.31360947 -0.11383142 -0.15293618 -0.31360947
192 -0.11431930 -0.15407657 -0.31360947 -0.11472797 -0.15369271 -0.31360947
193 -0.11499488 -0.15514885 -0.31360947 -0.11528527 -0.15317431 -0.31360947
194 -0.11560455 -0.15227470 -0.31360947 -0.11550065 -0.15311364 -0.31360947
195 -0.11427608 -0.15292505 -0.31360947 -0.11510781 -0.15412008 -0.31360947
196 -0.11469446 -0.15455014 -0.31360947 -0.11531434 -0.15411126 -0.31360947
197 -0.11469982 -0.15228169 -0.31360947 -0.11480380 -0.15431930 -0.31360947
198 -0.11583176 -0.15340863 -0.31360947 -0.11224372 -0.15306464 -0.31360947
199 -0.11427381 -0.15380628 -0.31360947 -0.11267250 -0.15031984 -0.31360947
200 -0.11525711 -0.15259403 -0.31360947 -0.11214563 -0.15584208 -0.31360947
201 -0.11250689 -0.15259128 -0.31360947 -0.11336959 -0.15300157 -0.31360947
202 -0.11344881 -0.15475732 -0.31360947 -0.11441764 -0.15304625 -0.31360947
203 -0.11186536 -0.15057105 -0.31360947 -0.11354249 -0.15333908 -0.31360947
204 -0.11435591 -0.15291298 -0.31360947 -0.11474679 -0.15449550 -0.31360947
205 -0.11544287 -0.15481800 -0.31360947 -0.11492677 -0.15402238 -0.31360947
206 -0.11535504 -0.15352752 -0.31360947 -0.11493439 -0.15193827 -0.31360947
207 -0.11470085 -0.15235792 -0.31360947 -0.11210685 -0.15281618 -0.31360947
208 -0.11320966 -0.15420923 -0.31360947 -0.11294632 -0.15295151 -0.31360947
209 -0.11469591 -0.15295941 -0.31360947 -0.11527658 -0.15356704 -0.31360947
210 -0.11361182 -0.15247623 -0.31360947 -0.11376487 -0.15387554 -0.31360947
211 -0.11509907 -0.15230941 -0.31360947 -0.11399430 -0.15362427 -0.31360947
212 -0.11522936 -0.15376792 -0.31360947 -0.11237134 -0.15574438 -0.31360947
213 -0.11399500 -0.15331360 -0.31360947 -0.11394215 -0.15310351 -0.31360947
214 -0.11450839 -0.15292333 -0.31360947 -0.11315894 -0.15326958 -0.31360947
215 -0.11432693 -0.15476981 -0.31360947 -0.11344350 -0.15324059 -0.31360947
216 -0.11394345 -0.15307848 -0.31360947 -0.11488099 -0.15245675 -0.31360947
217 -0.11429994 -0.15406269 -0.31360947 -0.11295697 -0.15302333 -0.31360947
218 -0.11567616 -0.15227439 -0.31360947 -0.11397373 -0.15367924 -0.31360947
219 -0.11240472 -0.15421332 -0.31360947 -0.11443296 -0.15309571 -0.31360947
220 -0.11470809 -0.15369314 -0.31360947 -0.11427623 -0.15398987 -0.31360947
221 -0.11538975 -0.15457682 -0.31360947 -0.11436393 -0.15406003 -0.31360947
222 -0.11521532 -0.15506716 -0.31360947 -0.11285566 -0.15286103 -0.31360947
223 -0.11457843 -0.15256459 -0.31360947 -0.11487899 -0.15487116 -0.31360947
224 -0.11360896 -0.15220908 -0.31360947 -0.11541797 -0.15463321 -0.31360947
225 -0.11394111 -0.15379758 -0.31360947 -0.11457634 -0.15394205 -0.31360947
226 -0.11580448 -0.15164988 -0.31360947 -0.11557059 -0.15181524 -0.31360947
227 -0.11593030 -0.15344797 -0.31360947 -0.11576323 -0.15236108 -0.31360947
228 -0.11396358 -0.15293327 -0.31360947 -0.11363401 -0.15287510 -0.31360947
229 -0.11448921 -0.15244060 -0.31360947 -0.11489028 -0.15407384 -0.31360947
230 -0.11478462 -0.15316543 -0.31360947 -0.11415825 -0.15386796 -0.31360947
231 -0.11498689 -0.15410191 -0.31360947 -0.11465705 -0.15371244 -0.31360947
232 -0.11555715 -0.15327609 -0.31360947 -0.11519398 -0.15138747 -0.31360947
233 -0.11577185 -0.15410605 -0.31360947 -0.11548304 -0.15353685 -0.31360947
234 -0.11596797 -0.15413830 -0.31360947 -0.11164931 -0.15355061 -0.31360947
235 -0.11422945 -0.15385273 -0.31360947 -0.11614634 -0.15365105 -0.31360947
236 -0.11583087 -0.15408323 -0.31360947 -0.11429782 -0.15309878 -0.31360947
237 -0.11371856 -0.15307930 -0.31360947 -0.11476325 -0.15310419 -0.31360947
238 -0.11544019 -0.15381345 -0.31360947 -0.11579120 -0.15449469 -0.31360947
239 -0.11532043 -0.15398145 -0.31360947 -0.11444342 -0.15397978 -0.31360947
240 -0.11485081 -0.15386403 -0.31360947 -0.11566643 -0.15281948 -0.31360947
241 -0.11470325 -0.15205441 -0.31360947 -0.11504619 -0.15463528 -0.31360947
242 -0.11432549 -0.15355208 -0.31360947 -0.11330170 -0.15484082 -0.31360947
243 -0.11425899 -0.15293178 -0.31360947 -0.11583241 -0.15200419 -0.31360947
244 -0.11212441 -0.15277299 -0.31360947 -0.11476805 -0.15332257 -0.31360947
245 -0.11551933 -0.15380284 -0.31360947 -0.11416941 -0.15195848 -0.31360947
246 -0.11498686 -0.15369322 -0.31360947 -0.11494544 -0.15422246 -0.31360947
247 -0.11551316 -0.15269271 -0.31360947 -0.11402400 -0.15368257 -0.31360947
248 -0.11390188 -0.15474545 -0.31360947 -0.11496223 -0.15368091 -0.31360947
249 -0.11432191 -0.15375381 -0.31360947 -0.11470298 -0.15313520 -0.31360947
250 -0.11460875 -0.15364386 -0.31360947 -0.11510958 -0.15264637 -0.31360947
251 -0.11428522 -0.15260566 -0.31360947 -0.11479103 -0.15537985 -0.31360947
252 -0.11546888 -0.15221924 -0.31360947 -0.11537850 -0.15239920 -0.31360947
253 -0.11313695 -0.15491662 -0.31360947 -0.11430698 -0.15322593 -0.31360947
254 -0.11462397 -0.15335997 -0.31360947 -0.11159667 -0.15317840 -0.31360947
255 -0.11551606 -0.15439263 -0.31360947 -0.11535280 -0.15366166 -0.31360947
256 -0.11555003 -0.15358917 -0.31360947 -0.11464231 -0.15367382 -0.31360947
257 -0.11487840 -0.15390304 -0.31360947 -0.11445329 -0.15402458 -0.31360947
258 -0.11557607 -0.15286370 -0.31360947 -0.11584009 -0.15509557 -0.31360947
259 -0.11457053 -0.15307210 -0.31360947 -0.11607026 -0.15274248 -0.31360947
260 -0.11560669 -0.15363676 -0.31360947 -0.11511009 -0.15365836 -0.31360947
261 -0.11431675 -0.15348421 -0.31360947 -0.11611666 -0.15332288 -0.31360947
262 -0.11571662 -0.15490039 -0.31360947 -0.11251350 -0.15241765 -0.31360947
263 -0.11502131 -0.15157081 -0.31360947 -0.11359730 -0.15288688 -0.31360947
264 -0.11511347 -0.15436874 -0.31360947 -0.11422273 -0.15515957 -0.31360947
265 -0.11436174 -0.15351174 -0.31360947 -0.11443672 -0.15199676 -0.31360947
266 -0.11450058 -0.15396721 -0.31360947 -0.11505790 -0.15531343 -0.31360947
267 -0.11453665 -0.15380717 -0.31360947 -0.11385869 -0.15279964 -0.31360947
268 -0.11513615 -0.15320242 -0.31360947 -0.11432225 -0.15408160 -0.31360947
269 -0.11543130 -0.15339914 -0.31360947 -0.11536134 -0.15441280 -0.31360947
270 -0.11557139 -0.15368192 -0.31360947 -0.11368926 -0.15391301 -0.31360947
271 -0.11517619 -0.15432638 -0.31360947 -0.11568287 -0.15363778 -0.31360947
272 -0.11568047 -0.15514170 -0.31360947 -0.11521999 -0.15390217 -0.31360947
273 -0.11545225 -0.15349880 -0.31360947 -0.11515510 -0.15396375 -0.31360947
274 -0.11453718 -0.15518629 -0.31360947 -0.11522532 -0.15421127 -0.31360947
275 -0.11440812 -0.15326900 -0.31360947 -0.11472022 -0.15502910 -0.31360947
276 -0.11535442 -0.15438762 -0.31360947 -0.11577300 -0.15330209 -0.31360947
277 -0.11398026 -0.15532314 -0.31360947 -0.11500516 -0.15380407 -0.31360947
278 -0.11286419 -0.15293601 -0.31360947 -0.11509551 -0.15341897 -0.31360947
279 -0.11543313 -0.15268007 -0.31360947 -0.11575262 -0.15280586 -0.31360947
280 -0.11423147 -0.15442221 -0.31360947 -0.11496188 -0.15492377 -0.31360947
281 -0.11331056 -0.15416249 -0.31360947 -0.11339507 -0.15390007 -0.31360947
282 -0.11617477 -0.15289210 -0.31360947 -0.11512405 -0.15411255 -0.31360947
283 -0.11515709 -0.15526571 -0.31360947 -0.11578798 -0.15207623 -0.31360947
284 -0.11623713 -0.15344318 -0.31360947 -0.11523643 -0.15532250 -0.31360947
285 -0.11453995 -0.15312061 -0.31360947 -0.11467809 -0.15442566 -0.31360947
286 -0.11546846 -0.15417522 -0.31360947 -0.11585618 -0.15382849 -0.31360947
287 -0.11442623 -0.15464800 -0.31360947 -0.11221127 -0.15360076 -0.31360947
288 -0.11264910 -0.15351127 -0.31360947 -0.11562788 -0.15298206 -0.31360947
289 -0.11460136 -0.15310018 -0.31360947 -0.11460012 -0.15338698 -0.31360947
290 -0.11558168 -0.15457914 -0.31360947 -0.11566599 -0.15385428 -0.31360947
291 -0.11493799 -0.15593668 -0.31360947 -0.11289077 -0.15511741 -0.31360947
292 -0.11444430 -0.15569224 -0.31360947 -0.11359689 -0.15402231 -0.31360947
293 -0.11461656 -0.15329938 -0.31360947 -0.11465626 -0.15495013 -0.31360947
294 -0.11457713 -0.15426550 -0.31360947 -0.11520357 -0.15307037 -0.31360947
295 -0.11552389 -0.15437985 -0.31360947 -0.11453415 -0.15392882 -0.31360947
296 -0.11633724 -0.15344701 -0.31360947 -0.11519035 -0.15268215 -0.31360947
297 -0.11435552 -0.15358050 -0.31360947 -0.11491569 -0.15333066 -0.31360947
298 -0.11556116 -0.15594722 -0.26627219 -0.11442239 -0.15408560 -0.31360947
299 -0.11584067 -0.15399439 -0.31360947 -0.11324232 -0.15301967 -0.31360947
300 -0.11389164 -0.15207889 -0.31360947 -0.11549163 -0.15366530 -0.31360947
301 -0.11459544 -0.15617324 -0.31360947 -0.11522188 -0.15529625 -0.31360947
302 -0.11580564 -0.15516791 -0.31360947 -0.11596991 -0.15448603 -0.31360947
303 -0.11410481 -0.15385973 -0.31360947 -0.11517064 -0.15151800 -0.31360947
304 -0.11509517 -0.15473196 -0.31360947 -0.11510660 -0.15409138 -0.31360947
305 -0.11447816 -0.15405890 -0.31360947 -0.11563242 -0.15257523 -0.31360947
306 -0.11571895 -0.15353228 -0.31360947 -0.11591867 -0.15527660 -0.31360947
307 -0.11580719 -0.15451535 -0.31360947 -0.11528654 -0.15434650 -0.31360947
308 -0.11539503 -0.15449918 -0.31360947 -0.11616812 -0.15339372 -0.31360947
309 -0.11518190 -0.15491116 -0.31360947 -0.11522891 -0.15405271 -0.31360947
310 -0.11620865 -0.15311862 -0.31360947 -0.11467604 -0.15162979 -0.31360947
311 -0.11544255 -0.15459663 -0.31360947 -0.11534454 -0.15549857 -0.31360947
312 -0.11375120 -0.15496259 -0.31360947 -0.11563311 -0.15513305 -0.31360947
313 -0.11553260 -0.15446737 -0.31360947 -0.11528851 -0.15499834 -0.31360947
314 -0.11511741 -0.15361057 -0.31360947 -0.11286475 -0.15407390 -0.31360947
315 -0.11423868 -0.15450243 -0.31360947 -0.11615677 -0.15301489 -0.31360947
316 -0.11513963 -0.15330202 -0.31360947 -0.11525749 -0.15430461 -0.31360947
317 -0.11544057 -0.15470725 -0.31360947 -0.11638081 -0.15476897 -0.31360947
318 -0.11418421 -0.15374509 -0.31360947 -0.11504925 -0.15442727 -0.31360947
319 -0.11530553 -0.15215601 -0.31360947 -0.11500911 -0.15567488 -0.31360947
320 -0.11606089 -0.15363138 -0.31360947 -0.11526905 -0.15493211 -0.31360947
321 -0.11533213 -0.15504750 -0.31360947 -0.11705935 -0.15519086 -0.31360947
322 -0.11437027 -0.15559203 -0.31360947 -0.11500669 -0.15545588 -0.31360947
323 -0.11519518 -0.15531374 -0.31360947 -0.11447302 -0.15153134 -0.28994083
324 -0.11563328 -0.15385892 -0.31360947 -0.11482685 -0.15401190 -0.31360947
325 -0.11499188 -0.15588275 -0.31360947 -0.11603951 -0.15341580 -0.31360947
326 -0.11609322 -0.15357694 -0.31360947 -0.11429642 -0.15402909 -0.31360947
327 -0.11509581 -0.15343639 -0.31360947 -0.11559650 -0.15473276 -0.31360947
328 -0.11435259 -0.15571805 -0.31360947 -0.11464299 -0.15553358 -0.31360947
329 -0.11447302 -0.15450976 -0.31360947 -0.11231824 -0.15463200 -0.31360947
330 -0.11574385 -0.15402061 -0.31360947 -0.11511170 -0.15456653 -0.31360947
331 -0.11523278 -0.15427649 -0.31360947 -0.11576526 -0.15536445 -0.31360947
332 -0.11220030 -0.15413637 -0.31360947 -0.11491362 -0.15215195 -0.31360947
333 -0.11515020 -0.15452823 -0.31360947 -0.11394122 -0.15550030 -0.31360947
334 -0.11661501 -0.15346562 -0.31360947 -0.11513222 -0.15466240 -0.31360947
335 -0.11548502 -0.15576900 -0.31360947 -0.11547032 -0.15492786 -0.31360947
336 -0.11540359 -0.15348703 -0.31360947 -0.11575092 -0.15438597 -0.31360947
337 -0.11496442 -0.15156704 -0.31360947 -0.11377063 -0.15401353 -0.31360947
338 -0.11582245 -0.15544539 -0.31360947 -0.11536820 -0.15408824 -0.31360947
339 -0.11590373 -0.15407148 -0.31360947 -0.11531049 -0.15217719 -0.31360947
340 -0.11392050 -0.15500431 -0.31360947 -0.11519173 -0.15263724 -0.31360947
341 -0.11554753 -0.15479153 -0.31360947 -0.11618746 -0.15399438 -0.31360947
342 -0.11500960 -0.15513417 -0.31360947 -0.11560897 -0.15381579 -0.31360947
343 -0.11644096 -0.15413567 -0.31360947 -0.11487009 -0.15403572 -0.31360947
344 -0.11600689 -0.15531454 -0.31360947 -0.11577168 -0.15198011 -0.31360947
345 -0.11433857 -0.15456510 -0.31360947 -0.11526843 -0.15465948 -0.31360947
346 -0.11571979 -0.15366703 -0.31360947 -0.11518479 -0.15291980 -0.31360947
347 -0.11465605 -0.15366707 -0.31360947 -0.11509473 -0.15332369 -0.31360947
348 -0.11503198 -0.15579016 -0.31360947 -0.11487618 -0.15486812 -0.31360947
349 -0.11566811 -0.15447679 -0.31360947 -0.11518175 -0.15409767 -0.31360947
350 -0.11628541 -0.15489177 -0.31360947 -0.11576884 -0.15366331 -0.31360947
351 -0.11554536 -0.15476471 -0.31360947 -0.11514012 -0.15410836 -0.31360947
352 -0.11443454 -0.15382717 -0.31360947 -0.11485514 -0.15152466 -0.31360947
353 -0.11514814 -0.15502903 -0.31360947 -0.11629808 -0.15541196 -0.31360947
354 -0.11535149 -0.15285477 -0.31360947 -0.11605099 -0.15411948 -0.31360947
355 -0.11579154 -0.15545339 -0.31360947 -0.11512319 -0.15371831 -0.31360947
356 -0.11633640 -0.15458726 -0.31360947 -0.11447232 -0.15392519 -0.31360947
357 -0.11512095 -0.15500574 -0.31360947 -0.11443571 -0.15438509 -0.31360947
358 -0.11509813 -0.15457582 -0.31360947 -0.11480848 -0.15461851 -0.31360947
359 -0.11532083 -0.15312048 -0.31360947 -0.11553672 -0.15509394 -0.31360947
360 -0.11586624 -0.15560980 -0.31360947 -0.11583428 -0.15444995 -0.31360947
361 -0.11543768 -0.15559437 -0.31360947 -0.11493071 -0.15526765 -0.31360947
362 -0.11650464 -0.15449690 -0.31360947 -0.11629627 -0.15269497 -0.31360947
363 -0.11609493 -0.15373438 -0.31360947 -0.11448390 -0.15436549 -0.31360947
364 -0.11359852 -0.15526781 -0.31360947 -0.11571670 -0.15565305 -0.31360947
365 -0.11310230 -0.15331216 -0.31360947 -0.11532425 -0.15441311 -0.31360947
366 -0.11536091 -0.15386901 -0.31360947 -0.11545310 -0.15360238 -0.31360947
367 -0.11491769 -0.15578281 -0.31360947 -0.11406036 -0.15464386 -0.31360947
368 -0.11620649 -0.15509412 -0.31360947 -0.11586652 -0.15338209 -0.31360947
369 -0.11370543 -0.15472228 -0.31360947 -0.11540460 -0.15531263 -0.31360947
370 -0.11551439 -0.15551282 -0.31360947 -0.11491803 -0.15406012 -0.31360947
371 -0.11481396 -0.15622740 -0.31360947 -0.11469948 -0.15476979 -0.31360947
372 -0.11546698 -0.15398007 -0.31360947 -0.11656330 -0.15391501 -0.31360947
373 -0.11585640 -0.15549724 -0.31360947 -0.11596566 -0.15493618 -0.31360947
374 -0.11547430 -0.15340111 -0.31360947 -0.11522259 -0.15533980 -0.31360947
375 -0.11616400 -0.15419879 -0.31360947 -0.11489144 -0.15348332 -0.31360947
376 -0.11513543 -0.15368962 -0.31360947 -0.11520893 -0.15479854 -0.31360947
377 -0.11581069 -0.15572544 -0.31360947 -0.11643883 -0.15421109 -0.31360947
378 -0.11567325 -0.15174886 -0.31360947 -0.11630330 -0.15463550 -0.31360947
379 -0.11529977 -0.15567082 -0.31360947 -0.11581276 -0.15543755 -0.31360947
380 -0.11574453 -0.15399026 -0.31360947 -0.11483946 -0.15382054 -0.31360947
381 -0.11646798 -0.15557710 -0.31360947 -0.11462471 -0.15581284 -0.31360947
382 -0.11470169 -0.15434496 -0.31360947 -0.11647122 -0.15442127 -0.31360947
383 -0.11392859 -0.15443905 -0.31360947 -0.11540266 -0.15266980 -0.31360947
384 -0.11628141 -0.15508112 -0.31360947 -0.11485024 -0.15343434 -0.31360947
385 -0.11597223 -0.15391569 -0.31360947 -0.11559517 -0.15430778 -0.31360947
386 -0.11513419 -0.15540141 -0.31360947 -0.11558142 -0.15567053 -0.31360947
387 -0.11557793 -0.15354530 -0.31360947 -0.11536977 -0.15584008 -0.31360947
388 -0.11622336 -0.15438362 -0.31360947 -0.11541054 -0.15362968 -0.31360947
389 -0.11547866 -0.15443559 -0.31360947 -0.11587193 -0.15437703 -0.31360947
390 -0.11581289 -0.15467672 -0.31360947 -0.11603628 -0.15354359 -0.31360947
391 -0.11477805 -0.15372249 -0.31360947 -0.11572304 -0.15462846 -0.31360947
392 -0.11516554 -0.15371177 -0.31360947 -0.11534300 -0.15338032 -0.31360947
393 -0.11573893 -0.15567287 -0.31360947 -0.11607901 -0.15216074 -0.31360947
394 -0.11448834 -0.15412042 -0.31360947 -0.11542258 -0.15298129 -0.31360947
395 -0.11640624 -0.15313451 -0.31360947 -0.11560358 -0.15407524 -0.31360947
396 -0.11522155 -0.15258210 -0.31360947 -0.11541962 -0.15406950 -0.31360947
397 -0.11543504 -0.15496422 -0.31360947 -0.11475179 -0.15472411 -0.31360947
398 -0.11488092 -0.15233023 -0.31360947 -0.11449951 -0.15483936 -0.31360947
399 -0.11527298 -0.15415968 -0.31360947 -0.11489187 -0.15374479 -0.31360947
400 -0.11612185 -0.15465973 -0.31360947 -0.11639284 -0.15443093 -0.31360947
401 -0.11467078 -0.15349443 -0.31360947 -0.11548994 -0.15457282 -0.31360947
402 -0.11520750 -0.15461300 -0.31360947 -0.11375927 -0.15554494 -0.31360947
403 -0.11392522 -0.15242788 -0.31360947 -0.11506307 -0.15509821 -0.31360947
404 -0.11484697 -0.15469477 -0.31360947 -0.11563754 -0.15445968 -0.31360947
405 -0.11590872 -0.15370895 -0.31360947 -0.11477100 -0.15403972 -0.31360947
406 -0.11484727 -0.15266089 -0.31360947 -0.11515770 -0.15581753 -0.31360947
407 -0.11545725 -0.15390420 -0.31360947 -0.11584050 -0.15438444 -0.31360947
408 -0.11578070 -0.15516783 -0.31360947 -0.11536030 -0.15556379 -0.31360947
409 -0.11665637 -0.15510011 -0.31360947 -0.11525305 -0.15353459 -0.31360947
410 -0.11595896 -0.15462537 -0.31360947 -0.11400859 -0.15500037 -0.31360947
411 -0.11620337 -0.15386885 -0.31360947 -0.11466903 -0.15403271 -0.31360947
412 -0.11530477 -0.15615466 -0.31360947 -0.11443072 -0.15427874 -0.31360947
413 -0.11542245 -0.15434150 -0.31360947 -0.11537421 -0.15445255 -0.31360947
414 -0.11499318 -0.15476118 -0.31360947 -0.11643722 -0.15304021 -0.31360947
415 -0.11588839 -0.15451802 -0.31360947 -0.11470297 -0.15550600 -0.31360947
416 -0.11498022 -0.15242180 -0.31360947 -0.11435284 -0.15498722 -0.31360947
417 -0.11528854 -0.15367833 -0.31360947 -0.11563104 -0.15489641 -0.31360947
418 -0.11544389 -0.15520275 -0.31360947 -0.11630096 -0.15344598 -0.31360947
419 -0.11584056 -0.15438800 -0.31360947 -0.11464263 -0.15347838 -0.31360947
420 -0.11533324 -0.15400190 -0.31360947 -0.11435939 -0.15427168 -0.31360947
421 -0.11449381 -0.15275719 -0.31360947 -0.11493529 -0.15457297 -0.31360947
422 -0.11569176 -0.15442476 -0.31360947 -0.11638151 -0.15397115 -0.31360947
423 -0.11561552 -0.15437496 -0.31360947 -0.11536280 -0.15487733 -0.31360947
424 -0.11517082 -0.15499521 -0.31360947 -0.11599871 -0.15390205 -0.31360947
425 -0.11613770 -0.15499592 -0.31360947 -0.11538761 -0.15388396 -0.31360947
426 -0.11493035 -0.15350510 -0.31360947 -0.11488222 -0.15560585 -0.31360947
427 -0.11604500 -0.15511992 -0.31360947 -0.11570934 -0.15332710 -0.31360947
428 -0.11562182 -0.15561978 -0.31360947 -0.11507375 -0.15409209 -0.31360947
429 -0.11562611 -0.15532484 -0.31360947 -0.11674447 -0.15538610 -0.31360947
430 -0.11569217 -0.15389022 -0.31360947 -0.11515162 -0.15405912 -0.31360947
431 -0.11485817 -0.15596058 -0.31360947 -0.11574806 -0.15559574 -0.31360947
432 -0.11492830 -0.15588395 -0.31360947 -0.11511671 -0.15476448 -0.31360947
433 -0.11631305 -0.15536819 -0.31360947 -0.11507240 -0.15454710 -0.31360947
434 -0.11580340 -0.15593572 -0.31360947 -0.11507095 -0.15472696 -0.31360947
435 -0.11578135 -0.15365802 -0.31360947 -0.11520711 -0.15560046 -0.31360947
436 -0.11632062 -0.15554804 -0.31360947 -0.11616561 -0.15419181 -0.31360947
437 -0.11584672 -0.15344194 -0.31360947 -0.11533003 -0.15447301 -0.31360947
438 -0.11377607 -0.15562483 -0.31360947 -0.11588305 -0.15388904 -0.31360947
439 -0.11628780 -0.15384958 -0.31360947 -0.11453241 -0.15338032 -0.31360947
440 -0.11501115 -0.15433655 -0.31360947 -0.11576706 -0.15413590 -0.31360947
441 -0.11441196 -0.15575365 -0.31360947 -0.11645727 -0.15487627 -0.31360947
442 -0.11493449 -0.15576918 -0.31360947 -0.11586019 -0.15451380 -0.31360947
443 -0.11418383 -0.15538475 -0.31360947 -0.11570502 -0.15302866 -0.31360947
444 -0.11629128 -0.15353737 -0.31360947 -0.11401236 -0.15476039 -0.31360947
445 -0.11604180 -0.15468505 -0.31360947 -0.11534902 -0.15554409 -0.31360947
446 -0.11593372 -0.15448599 -0.31360947 -0.11563126 -0.15506577 -0.31360947
447 -0.11552567 -0.15385397 -0.31360947 -0.11573545 -0.15496910 -0.31360947
448 -0.11550932 -0.15327227 -0.31360947 -0.11581180 -0.15403237 -0.31360947
449 -0.11491791 -0.15339129 -0.31360947 -0.11649909 -0.15568697 -0.31360947
450 -0.11512070 -0.15440985 -0.31360947 -0.11521334 -0.15539436 -0.31360947
451 -0.11570294 -0.15583200 -0.31360947 -0.11554481 -0.15431029 -0.31360947
452 -0.11586857 -0.15585211 -0.31360947 -0.11617028 -0.15427470 -0.31360947
453 -0.11597081 -0.15428988 -0.31360947 -0.11517837 -0.15302374 -0.31360947
454 -0.11536496 -0.15551090 -0.31360947 -0.11641116 -0.15469554 -0.31360947
455 -0.11577974 -0.15471604 -0.31360947 -0.11637036 -0.15421979 -0.31360947
456 -0.11542987 -0.15327645 -0.31360947 -0.11550250 -0.15542546 -0.31360947
457 -0.11581756 -0.15338170 -0.31360947 -0.11605584 -0.15396136 -0.31360947
458 -0.11594422 -0.15352632 -0.31360947 -0.11531594 -0.15367319 -0.31360947
459 -0.11601638 -0.15555972 -0.31360947 -0.11448911 -0.15553912 -0.31360947
460 -0.11564095 -0.15564187 -0.31360947 -0.11508032 -0.15451797 -0.31360947
461 -0.11645256 -0.15579726 -0.31360947 -0.11616440 -0.15588542 -0.31360947
462 -0.11602980 -0.15509838 -0.31360947 -0.11595277 -0.15450652 -0.31360947
463 -0.11559774 -0.15420537 -0.31360947 -0.11624008 -0.15397838 -0.31360947
464 -0.11619972 -0.15341637 -0.31360947 -0.11482829 -0.15585116 -0.31360947
465 -0.11564422 -0.15444605 -0.31360947 -0.11504817 -0.15540483 -0.31360947
466 -0.11595845 -0.15407470 -0.31360947 -0.11582748 -0.15426071 -0.31360947
467 -0.11541872 -0.15534326 -0.31360947 -0.11531250 -0.15556850 -0.31360947
468 -0.11647620 -0.15576726 -0.31360947 -0.11515514 -0.15508850 -0.31360947
469 -0.11616018 -0.15564355 -0.31360947 -0.11547544 -0.15407047 -0.31360947
470 -0.11545825 -0.15517251 -0.31360947 -0.11554665 -0.15528082 -0.31360947
471 -0.11569628 -0.15510801 -0.31360947 -0.11489733 -0.15480149 -0.31360947
472 -0.11567215 -0.15494651 -0.31360947 -0.11400240 -0.15325409 -0.31360947
473 -0.11486243 -0.15316402 -0.31360947 -0.11449951 -0.15565809 -0.31360947
474 -0.11531958 -0.15482717 -0.31360947 -0.11441978 -0.15387259 -0.31360947
475 -0.11533727 -0.15358041 -0.31360947 -0.11586460 -0.15470000 -0.31360947
476 -0.11609231 -0.15611284 -0.31360947 -0.11542605 -0.15551450 -0.31360947
477 -0.11638617 -0.15283052 -0.31360947 -0.11536652 -0.15519835 -0.31360947
478 -0.11583069 -0.15547873 -0.31360947 -0.11523243 -0.15534133 -0.31360947
479 -0.11497212 -0.15400275 -0.31360947 -0.11650761 -0.15516865 -0.31360947
480 -0.11487982 -0.15484298 -0.31360947 -0.11624404 -0.15542187 -0.31360947
481 -0.11562395 -0.15571700 -0.31360947 -0.11536751 -0.15412036 -0.31360947
482 -0.11606348 -0.15598597 -0.31360947 -0.11487238 -0.15459152 -0.31360947
483 -0.11582802 -0.15388609 -0.31360947 -0.11585087 -0.15543691 -0.31360947
484 -0.11573830 -0.15413569 -0.31360947 -0.11573118 -0.15491671 -0.31360947
485 -0.11665920 -0.15395068 -0.31360947 -0.11524925 -0.15489238 -0.31360947
486 -0.11558759 -0.15592317 -0.31360947 -0.11507370 -0.15352399 -0.31360947
487 -0.11534418 -0.15414334 -0.31360947 -0.11554057 -0.15528074 -0.31360947
488 -0.11568233 -0.15406661 -0.31360947 -0.11630295 -0.15273954 -0.31360947
489 -0.11595178 -0.15447358 -0.31360947 -0.11430528 -0.15466680 -0.31360947
490 -0.11576991 -0.15433541 -0.31360947 -0.11633828 -0.15377818 -0.31360947
491 -0.11561255 -0.15434275 -0.31360947 -0.11457698 -0.15506167 -0.31360947
492 -0.11545236 -0.15451333 -0.31360947 -0.11605546 -0.15602534 -0.31360947
493 -0.11598319 -0.15422376 -0.31360947 -0.11675943 -0.15554277 -0.31360947
494 -0.11424590 -0.15386536 -0.31360947 -0.11594178 -0.15564685 -0.31360947
495 -0.11656596 -0.15573638 -0.31360947 -0.11568777 -0.15371297 -0.31360947
496 -0.11555507 -0.15426618 -0.31360947 -0.11605831 -0.15580946 -0.31360947
497 -0.11656006 -0.15629831 -0.31360947 -0.11610469 -0.15557541 -0.31360947
498 -0.11575086 -0.15398947 -0.31360947 -0.11399287 -0.15451585 -0.31360947
499 -0.11608825 -0.15496382 -0.31360947 -0.11579184 -0.15549362 -0.31360947
500 -0.11563133 -0.15562448 -0.31360947 -0.11625079 -0.15410608 -0.31360947
501 -0.11633493 -0.15553071 -0.31360947 -0.11500972 -0.15402155 -0.31360947
502 -0.11608757 -0.15580596 -0.31360947 -0.11647620 -0.15500427 -0.31360947
503 -0.11265003 -0.15545464 -0.31360947 -0.11541059 -0.15403824 -0.31360947
504 -0.11500003 -0.15574904 -0.31360947 -0.11548898 -0.15550610 -0.31360947
505 -0.11583367 -0.15465957 -0.31360947 -0.11571470 -0.15492018 -0.31360947
506 -0.11499780 -0.15553951 -0.31360947 -0.11578040 -0.15492586 -0.31360947
507 -0.11628531 -0.15447783 -0.31360947 -0.11540366 -0.15597151 -0.31360947
508 -0.11548754 -0.15573343 -0.31360947 -0.11655269 -0.15342803 -0.31360947
509 -0.11645942 -0.15569945 -0.31360947 -0.11544773 -0.15527319 -0.31360947
