1 11384 4172 1193 8251 6198 1141
2 24204 12041 3187 31090 11730 3430
3 37325 19074 3307 34462 20762 3301
4 39882 24061 7885 46470 23774 8538
5 52267 28914 6291 70641 26895 4918
6 79402 27753 5835 79151 32371 9621
7 82604 47481 2945 84116 39053 8826
8 91304 55554 11099 78918 45770 4162
9 86169 46948 4871 103353 44086 6859
10 99738 64094 15231 118277 51277 12330
11 139838 56168 9517 125134 78937 10528
12 153759 73575 15129 128937 66517 19858
13 184406 94651 13040 143830 75022 16580
14 188686 86842 16946 146522 88780 7892
15 177750 95001 13193 168572 127928 21293
16 187205 96050 18285 197395 112749 14335
17 202546 82873 14249 188651 115392 27538
18 219533 123926 8453 197190 98427 20117
19 182199 148340 12058 237858 135978 11945
20 221744 131781 14650 201354 151659 18780
21 236695 99388 37721 264534 120568 23630
22 272911 144511 12408 287184 121989 41480
23 252426 151331 25116 275454 146899 20534
24 270782 162878 19100 290509 176531 31345
25 295989 146100 41436 254868 189061 27169
26 298803 195766 44631 283961 192673 19765
27 326038 187797 46918 310290 168906 37930
28 308472 209828 44453 323118 144012 33811
29 318383 221048 82713 328526 170844 18464
30 342308 207636 19492 355287 208967 22611
31 374414 261334 66794 339572 192503 41647
32 381042 202834 27361 362810 201849 18675
33 442255 171263 14285 412164 215126 13655
34 362157 169852 23219 397861 222315 23252
35 402281 227869 37611 392215 231740 35683
36 407907 280424 42877 345757 293659 39170
37 395645 250260 42708 363354 273466 58777
38 428403 276889 62844 372312 261976 35500
39 491630 264468 32990 448169 219582 69057
40 387025 321926 66697 399846 300758 45739
41 396423 340583 81516 433988 292761 72357
42 414173 254225 44962 463597 215024 62833
43 494085 309260 80357 476877 220745 56731
44 510276 273156 71203 470541 253125 52896
45 494672 334331 71965 475566 277693 67491
46 526739 240235 74251 504762 297064 52135
47 626065 325848 61953 538748 336832 51774
48 587794 319134 72377 459171 308255 70434
49 533597 313308 47080 509635 297187 25269
50 512505 275861 21255 552401 294421 20383
51 505593 353090 82094 550418 326523 63241
52 601117 348089 67212 473974 252976 60932
53 624047 258810 79882 639481 259632 37878
54 560317 309221 38060 625809 295583 26625
55 659121 291957 22826 535230 358295 66655
56 639073 324444 23194 611764 355173 35068
57 640332 277251 42078 620135 336925 34608
58 713332 387060 79723 634181 295694 116226
59 701238 305322 29556 571542 352830 51818
60 599341 339488 49534 675224 311577 36226
61 670028 353403 56501 605867 388630 36285
62 691207 393742 50608 726894 304663 66923
63 835349 429233 81999 745036 406335 106487
64 701771 387962 33002 640093 363083 30540
65 702877 471747 91702 745123 398450 51919
66 614845 421749 32578 725861 377605 46840
67 772704 471025 49733 683261 387750 59586
68 689954 343123 48448 655378 451339 34654
69 724634 516198 65109 706600 438123 65477
70 739014 365593 51740 772748 442049 57235
71 662961 508668 46624 773957 442499 43752
72 729098 378573 36888 695596 511150 44442
73 744657 502103 106432 873903 485879 50565
74 732648 418679 60984 846000 365837 44916
75 791655 600044 142061 814019 510699 38842
76 908696 476202 121495 890308 555515 85604
77 977235 610937 119778 875122 546086 95509
78 850986 450378 129698 1001706 392879 108736
79 852831 516081 46844 825145 487693 69098
80 855597 603526 64938 817260 479332 47337
81 980839 555484 65970 843679 400345 47233
82 937716 445269 38143 808935 552796 40783
83 927151 383878 49294 867447 445978 40837
84 896110 499935 133059 772132 602255 84340
85 805223 574805 32358 947040 585350 142000
86 851267 412337 83176 906953 532606 89716
87 967261 536647 66312 889911 471785 26495
88 1045785 404827 51991 949717 457613 45542
89 939993 504507 63043 844417 469305 42858
90 998431 615989 106793 945553 515467 43513
91 1034141 585264 83038 974127 503900 61027
92 1037177 512221 127223 1038804 568786 63102
93 834225 631629 149749 1156686 534068 65216
94 1185868 725833 130895 1116570 632530 79961
95 981043 427179 102276 913302 575843 93053
96 1040816 462008 77547 1206469 526199 48288
97 987796 647569 68438 1042089 669107 204212
98 1052802 687733 86310 1053015 601301 85078
99 1010420 465339 58921 899586 623157 47579
100 1100980 463906 78606 1024039 536368 112048
101 1097452 402258 58634 978749 518320 77143
102 1230529 509376 140263 1013292 594392 109723
103 969971 510935 99678 1254001 531444 40565
104 1098141 714455 66745 1130159 603571 41270
105 1169741 525213 74335 1199290 692404 42470
106 1188925 570826 72859 1068382 644780 72257
107 1155175 686535 95898 1075168 494462 53937
108 1192816 645549 103050 1223520 635680 53117
109 1271140 614262 118892 1185062 616238 66662
110 1075396 654218 55984 1005585 602110 64974
111 1227920 639130 109924 1082980 602530 54139
112 1035734 673611 92179 1177207 512574 45287
113 1213764 764072 46587 1032822 759494 46810
114 1300523 721951 91448 1012620 589189 94842
115 941367 719350 138062 1137007 698070 65453
116 1215198 668717 107111 1105632 662913 56451
117 1141251 671194 49090 1056938 545167 147293
118 1139115 659295 36558 1028874 626322 137205
119 1230938 819557 58974 1265145 612522 56953
120 1198729 585170 82327 1283124 744167 61583
121 1110448 756228 119862 1324738 675086 83302
122 1525649 770768 167685 1361290 711279 139648
123 1306707 796004 95549 1018419 618840 164901
124 1167861 518394 133241 1218901 760186 71457
125 1116605 702716 83846 1271029 575401 83557
126 1305508 750287 111482 1246616 695356 51903
127 1597513 750741 73474 1327164 774626 106552
128 1536372 566352 61440 1332620 694199 133030
129 1329130 758068 65649 1344986 664026 74809
130 1318709 661981 124864 1222214 881450 100760
131 1522642 879232 179944 1150969 781227 150492
132 1479061 655390 93514 1358522 584329 88194
133 1573122 614096 177734 1349810 873613 143622
134 1295629 914921 77916 1441512 615414 67610
135 1460448 884896 66469 1352418 768330 106510
136 1388945 652301 127846 1154291 752865 79394
137 1382741 964929 147393 1339791 742012 132433
138 1283259 773433 107201 1446338 837312 66908
139 1373257 777412 80236 1327112 776106 106655
140 1475045 782536 54425 1487714 893628 203043
141 1323834 959724 123498 1472643 885316 133251
142 1580783 852571 155314 1718769 964747 175581
143 1572403 968011 119428 1550849 889479 65841
144 1687692 804633 211735 1433888 716615 68980
145 1520051 725739 69491 1521082 905609 203949
146 1637534 900576 84782 1505540 1020848 169834
147 1736970 897376 126228 1630383 619232 53520
148 1688477 938637 158459 1425005 894084 68698
149 1418598 952950 152813 1304500 896878 69919
150 1422350 784330 72715 1585036 894793 163846
151 1519670 813970 85491 1419677 989585 98997
152 1729354 1032762 85611 1372167 901702 72863
153 1551286 739823 118184 1666657 825586 70539
154 1600954 768458 141434 1667195 1127302 172022
155 1571188 905806 77059 1672408 847291 191973
156 1585782 862499 119206 1599796 992877 171014
157 1558225 777999 181864 1644497 867710 73985
158 1646096 919006 117009 1481788 1059910 145436
159 1611216 893027 89539 1662827 1118818 150954
160 1684043 774013 65767 1613631 757461 262832
161 1627792 1004900 167091 1552871 731571 121258
162 1702514 849533 198821 1542899 1083056 195993
163 1738376 893449 77229 1533885 830809 93086
164 1486768 959756 111531 1711615 838652 75538
165 1655460 903140 64534 1493350 941596 64285
166 1509762 908654 189122 1510981 1020358 143602
167 1844192 1053907 189367 1628114 1022467 254583
168 1666432 1000962 141917 1752836 855773 159098
169 1713167 1169209 192700 1516043 924256 113429
170 1678690 1074668 142231 1669479 993394 93894
171 1764558 1098059 159320 1811384 693312 79281
172 1679871 863217 83838 1526695 846440 65667
173 1672092 1066585 236023 1972205 855288 66185
174 1800043 835263 81619 1736173 1008800 97980
175 1877276 899693 223527 1877464 997044 96589
176 1744786 989028 199916 1884482 940931 157388
177 1807190 728502 149448 1814726 766890 148798
178 1788260 759745 68684 1964138 1121110 246125
179 1870151 1278813 165714 1887074 902156 151389
180 1934285 936515 222988 1805986 943078 82038
181 1726931 977340 359576 1844477 974698 86130
182 1861599 1144738 134669 1783078 1067682 147448
183 1752643 908251 88293 2072148 1001780 86968
184 1953991 878584 140097 1725997 1012261 169653
185 1921735 994619 86832 1791087 1071623 165366
186 1734391 866711 155624 1789544 1042967 208263
187 1968969 946874 264229 1677611 672975 70986
188 2144391 1232098 121101 1929515 952113 84832
189 1995457 857945 87104 2031078 1031964 104196
190 1821118 1050556 87281 2019570 988984 140560
191 2044074 860272 103947 1901389 959462 244926
192 2003831 1334575 288429 1943239 1033901 178794
193 2062138 1310329 73800 2069156 902583 158518
194 2302742 1129587 194723 1885181 1009646 140681
195 2131230 1021801 86964 2044233 1277501 102479
196 2029601 998985 148452 2020974 1162625 164419
197 2130726 1024957 165646 1994234 1160452 107564
198 1990469 1077935 148260 1675262 1077003 147738
199 2015466 1055872 150122 2070036 978021 107942
200 2174257 940465 164100 1722270 1268923 92790
201 1892063 1069187 95880 1839078 1069447 73127
202 2109805 1140820 75205 2100572 1073782 147831
203 2115511 1191952 93493 1749071 1161944 310639
204 2003465 1025182 278768 2001577 1063789 108810
205 2334307 1259095 92874 2140659 1340815 93674
206 2224048 942735 136743 2178472 1034499 107999
207 2027890 1034756 114940 1933722 1055061 130200
208 1845891 1132309 195949 2142903 1153428 219866
209 2453762 1180232 135191 2148558 1128233 95462
210 2142091 1366907 99533 2045428 1172721 188248
211 2631170 1031331 264822 2292684 1035354 236513
212 2276232 1305620 136265 1737343 1437899 78146
213 1887101 1248352 117531 2171244 1065705 132335
214 2365136 1036596 99452 2144743 1098381 131950
215 2076421 1371311 97432 2112270 1093678 138877
216 2230311 1273207 293119 2130551 1161828 291342
217 2160021 1286345 138259 1945461 1135538 137876
218 2444622 985352 99535 2037900 1055282 99691
219 1845026 1315405 161814 2248000 1122330 181027
220 2038919 1135748 184906 2092278 1291637 138822
221 2619867 1390985 166842 2340694 1444416 314742
222 2100482 1259005 123344 1967493 1078845 176586
223 2353608 1161470 84915 2098726 1326397 99593
224 2071401 1104408 187011 2198337 1339217 77384
225 2022960 1262996 102677 2148813 1357276 100460
226 2354531 986446 104031 2191592 1112513 101695
227 2347578 1308258 208861 2544590 1271327 118993
228 2211022 1071561 88227 2267755 1282867 105408
229 2203953 1092757 195238 2309782 1260173 144635
230 2279323 1205689 213521 2300182 1419867 222770
231 2445764 1634396 129533 2239269 1323159 108142
232 2289573 1415033 351228 2291762 1140233 108307
233 2724085 1642478 245741 2328762 1436032 207799
234 2617056 1242842 111704 2459323 1406858 257640
235 2309100 1231387 209461 2408436 1257271 149123
236 2587035 1153679 115943 2116696 1147124 174345
237 2126171 1020465 90041 2459927 1280918 109968
238 2444760 1165756 113682 2405350 1033280 87329
239 2666426 1437626 91888 2177653 1424798 131870
240 2590338 1354530 205261 2406653 1061985 129998
241 2439553 1116048 248003 2503907 1467938 113920
242 2550000 1223076 113771 2346104 1425110 258557
243 2449323 1102241 163934 2605908 1215966 149422
244 2399223 1251266 181877 2116936 1200552 240891
245 2593108 1154862 178719 2204739 1124435 111868
246 2592483 1247425 225785 2128303 1265054 107260
247 2692698 1270766 113681 2123525 1529137 157986
248 2129807 1424883 117707 2407026 1197523 131798
249 2425968 1210543 113599 2402505 1239106 201915
250 2535211 1260124 252428 2660899 1123877 93080
251 2259530 1376033 118389 2211295 1463606 226967
252 2512885 1454984 184029 2670637 1280305 183808
253 2260277 1412047 120463 2274498 1295272 115330
254 2497072 1378424 215607 2176109 1448281 94718
255 2777016 1413097 121276 2773008 1271810 115176
256 2684820 1393421 231557 2345838 1067519 113868
257 2746476 1432437 168634 2473396 1270323 113106
258 2828093 1500845 98517 2773913 1501794 294845
259 2383773 1341383 143223 2836515 1245511 118163
260 2766178 1298081 143185 2676465 1190075 95427
261 2484520 1223965 94971 2903851 1416974 205617
262 2959287 1391667 98195 2261486 1350549 392926
263 2510114 1254287 186245 2298512 1210159 115844
264 2470412 1627129 142771 2410145 1349097 117018
265 2560306 1683610 366016 2390446 1238518 140600
266 2619882 1454429 120763 2413519 1377599 122447
267 2561972 1624680 98958 2243631 1230036 143341
268 2719530 1317021 173663 2658396 1342831 145440
269 2812173 1392693 341929 3087200 1425632 165564
270 2714127 1300233 126504 2522888 1169677 121283
271 3005540 1601247 102081 2908310 1589486 287068
272 2636576 1596301 126528 2577890 1520704 122989
273 3009707 1184377 149937 2743058 1333757 124268
274 2854856 1685586 359049 2863906 1742340 193472
275 2617091 1380565 201958 2270237 1777236 167944
276 2897908 1882773 128850 2564609 1584691 219278
277 2365828 1887913 251275 2364206 1530040 120972
278 2372848 1340646 233627 2396276 1190534 124148
279 2766240 1352480 128010 3036976 1201833 269610
280 2804692 1401267 106206 3048433 1669911 126243
281 2653478 1420638 283326 2516290 1670933 128689
282 3102809 1392472 153478 2497212 1189096 248788
283 2690178 1462320 128370 2741085 1128473 103101
284 2961257 1130829 132262 2803764 1873310 130952
285 2830375 1535266 185001 2609010 1302915 104247
286 2875818 1459404 182317 2946116 1623393 128438
287 2757543 1647512 159796 2506658 1694454 375789
288 2248309 1545055 109897 3152063 1305411 229938
289 2612139 1086812 135376 2528497 1737533 229185
290 2807026 1664336 133198 2633329 1489149 158809
291 2862837 1548459 159758 2528384 1306360 229547
292 2363152 1998463 132835 2635087 1435064 133746
293 2997134 1378943 135011 2616825 1548123 158673
294 2746151 1450578 136012 2866804 1409421 134580
295 3135219 1859500 316438 3018219 1788630 233574
296 2886878 1604985 133521 3035987 1677469 110697
297 2919159 1533901 135777 2667760 1365876 132311
298 3267036 1951955 423977 2744886 1578871 207382
299 3254314 1450653 301005 2621594 1389786 108132
300 2763048 1314781 113032 3058574 1221851 162952
301 3200167 2239677 271579 3007445 1775334 189067
302 3058560 2131093 142994 3055629 1337532 112318
303 2781537 1713603 224600 2816818 1092878 136718
304 2599295 1792671 142364 2985109 1628731 194488
305 2832998 1937322 300822 3151869 1588293 134832
306 2917308 1860663 142563 2628785 1966102 138182
307 3097029 1892064 198391 3041038 1713696 298990
308 3165942 1758012 274724 2996012 1502477 171147
309 3139853 1673823 256625 2973705 1476267 219655
310 3286088 1687532 202210 3259013 1569710 246804
311 2822783 1727642 223730 3144218 1474382 114938
312 2589827 1806439 144622 3114006 1926337 112315
313 3048659 1342580 200193 2907780 1676005 222095
314 3095886 1745860 112561 2813874 1785770 193457
315 3145440 1750055 144859 3629739 1623736 194196
316 3433679 1473497 141566 2837559 1822593 199687
317 3469426 1826448 204286 3090409 1589310 300167
318 3091642 1693682 115335 3028584 1556788 114524
319 3727412 1354691 143060 3028554 1912073 198174
320 3039788 1749957 199090 3135609 1665775 225814
321 3007528 2015039 173688 3529887 1906200 143418
322 3105366 1784990 201926 2876459 2041752 143749
323 3029364 1887738 377303 3067637 1439128 196651
324 3090396 1625841 144987 3451317 1743700 224131
325 3260356 2645944 146139 3272932 1659746 227130
326 3192858 1634834 142497 2956582 1552088 145238
327 3555923 1743042 146120 3867462 1989961 280916
328 3380035 2224430 144453 2728078 1646789 200370
329 3142110 1951437 117662 3096130 1544102 146279
330 3453182 1551839 119150 2823270 1647576 143428
331 3113216 1970135 147634 3177581 1823835 409626
332 2841569 1954426 177481 2991509 1350877 201090
333 3528380 2161965 117716 3314158 1816773 146524
334 3528106 1538398 122175 3214508 1738624 262713
335 3482533 1639945 175996 3198660 1779232 147144
336 3238007 1791661 150425 3143421 1539864 146046
337 3125422 1592435 149507 3021620 1810493 147407
338 3388619 2026797 232578 3480178 1372166 403172
339 3310610 2011475 207898 3568745 1504717 120569
340 3519350 1437379 154111 2924458 1505868 151171
341 3039921 2158992 204473 3701012 1666548 170064
342 3250953 1842961 182043 3156437 2014300 121577
343 3919277 1906251 157227 3564008 1868846 386648
344 3643034 1980009 237372 3325881 1605643 117729
345 3198010 1732142 160425 3379649 1660543 209417
346 3156441 1933372 154990 3254940 1368994 186610
347 3114163 1772645 153608 3465315 1727393 124825
348 3578072 1842570 156135 3259151 2073341 337479
349 3431008 2035891 249450 3363652 1825224 333097
350 3324803 1924679 210818 3443727 1829113 182573
351 3150929 1656790 130980 3142487 2004976 163004
352 3345182 1936937 284391 3201491 1424160 241975
353 3634680 2070022 444102 3523230 2095518 212922
354 3241289 1834653 347895 3580459 1954016 270035
355 3266034 1921437 192449 3339731 1533218 158100
356 3485866 1817066 161170 3328350 2023977 127781
357 3470792 1726225 159114 3257391 1913002 344252
358 3544435 2085617 161166 3183139 1864364 130519
359 3546635 1721839 193850 3526060 1988136 160506
360 3551778 2045162 158494 3332749 1646676 218111
361 3812123 1921009 165594 3349494 1822408 162761
362 3479843 1972061 194322 3957932 1728927 216607
363 3911881 2035605 132537 3398855 1685725 160251
364 3305070 1660429 163672 3398077 1985698 162466
365 2978113 1602676 167712 3414375 1729207 162147
366 3109014 1825481 199063 3527298 1603813 164198
367 3639171 1730700 359871 3172288 2073195 131070
368 3920818 1928809 167802 3821796 1806925 165027
369 3333047 1949789 265770 3283869 2142506 134831
370 3622322 2093446 166692 2957525 1829135 163142
371 3529448 2453910 237382 3313919 1904276 290883
372 3230537 1748196 172546 2954444 2141262 228726
373 3520715 2435403 172696 3628491 2050414 169603
374 3682548 1828855 172649 3599912 2092872 136344
375 3374964 1951964 205798 3096433 1620762 170533
376 3352418 1384377 169557 3635012 1914997 289222
377 3761230 2123611 269704 3792404 1927963 137401
378 3691138 1703792 170490 3943674 2083560 137806
379 3582213 2202104 173175 4103661 1821346 135359
380 3418101 2300920 169729 3017959 1588451 139474
381 4039817 2086721 172509 3791581 2231148 204775
382 3442167 2161886 434121 3658101 1812901 136758
383 3647225 2094802 270751 3861540 1603311 203676
384 4423095 2611431 138319 3577277 2115781 264569
385 3804267 1820210 171262 3861505 2097782 170635
386 3657100 2539435 206293 3993377 2157721 446816
387 3961749 1833516 208054 3264435 2123792 168790
388 3913972 2212865 300021 3540141 1766926 331159
389 3745944 1900479 174830 3797036 1903444 203866
390 3770780 2045885 248563 3941644 2089121 341862
391 3813240 2131097 178602 3742849 2324253 138321
392 3907750 1935230 378222 3640763 1846243 139585
393 3423176 2490457 446307 3729487 1640452 174415
394 3343021 2206813 178204 3800942 2112370 311785
395 3768714 2079359 270808 3280883 2043407 305946
396 3694345 1867181 143953 3486810 1926399 372886
397 3581578 2476488 179611 3672880 2199085 239587
398 3518568 1988139 246393 3873489 2297230 138056
399 4209076 2401329 211322 3629583 2295164 313551
400 3857753 2094857 249977 4029346 2162841 301169
401 3588581 1926823 250117 3682192 2353982 240512
402 3681953 2225643 180142 3455618 2276052 246781
403 4112579 1551294 179998 3482164 2281318 382187
404 3868085 2301698 182880 3808382 1758777 177679
405 3878103 2194856 184755 3857758 2323076 178012
406 3568541 1996877 148300 4101888 2336342 175525
407 3916489 1755873 362052 3618668 2135134 247045
408 4068378 2248166 181041 3914510 2301127 277925
409 3801423 2450970 143451 3895614 2064030 279894
410 4312764 2290725 186427 3483783 1896183 179274
411 4110713 2164274 150336 3602728 2319139 183361
412 3826500 2418716 184620 3493333 2533707 212912
413 3927359 1874767 187036 4300490 1999564 150084
414 3907393 2485274 372822 3990428 1760307 178620
415 3940128 1968654 180218 3813603 2385239 255247
416 4387171 2177066 150178 3952072 2116111 322415
417 3917090 2234156 261794 3708040 2150416 183207
418 4020387 2070568 183150 3527373 2195025 256711
419 4358741 2523845 407034 3942907 1972291 177807
420 4255330 1862776 188731 3429277 2395836 222367
421 3953104 1876084 190378 4060739 2280516 324707
422 4187833 2336120 156050 3539833 2203701 218411
423 3924610 2461864 191717 3775521 2039728 251423
424 3983793 2450919 188688 4040250 1995113 183819
425 4190416 1964637 194107 3592466 2174714 180832
426 3857671 2240142 263302 3776261 2427856 189718
427 3902969 2366513 189399 4296308 1677084 184539
428 4281911 2478772 193892 4174439 2397847 218785
429 4454218 2273489 299787 4267201 2276707 256349
430 4267823 2277781 155583 4432081 2136758 293138
431 3362570 2153393 229751 4153416 2392236 187839
432 4219785 2473357 195250 4044869 1971690 298543
433 3927219 2815817 269589 3922749 2153644 229075
434 4237097 2431826 193881 4190121 2139557 226601
435 4227154 2010103 155325 4008091 2640591 338363
436 4291837 2849438 195474 4420179 2248199 191778
437 4644588 2695001 228619 3787463 2487288 375163
438 3983039 2222954 262239 3964716 2339778 334985
439 4501303 2210987 237465 3646456 2289165 191648
440 3866652 2627822 190443 4025878 2148334 258658
441 3756405 2474780 190251 3914231 2321881 189310
442 3847094 2629526 310819 4435030 1952347 191096
443 3795737 2292470 195881 3938802 1914706 193390
444 4392654 2563879 197613 3727897 2310132 265730
445 4143938 2935931 194225 3642045 2687352 196441
446 4111065 2507826 385224 4273960 2626469 274417
447 4258970 1847755 194777 4251409 2364349 195252
448 3911347 2080228 229259 4675734 2017152 194470
449 4440443 2218195 205470 4762794 2415178 195368
450 4334713 2380969 201410 4054954 2871200 233324
451 4151289 2429459 201431 4370761 2402655 199459
452 4046770 2571095 278586 4221288 2101237 387031
453 4013878 2048298 199390 4043746 1983091 200505
454 4543270 2807047 165474 4629110 2529418 348909
455 4776019 1962875 202114 4604847 2144801 423223
456 4309357 2178223 200555 3944219 2508597 240138
457 4496325 2212944 201199 4676600 1992292 349160
458 4189991 2166204 201325 4075837 1894586 277497
459 4004071 2148662 205052 3886705 2127655 307903
460 4386318 3039407 321485 4126901 2316799 197508
461 4212059 2647012 201510 3677731 2408562 200274
462 4601692 2611715 203247 4279523 2478602 315871
463 4451365 2304512 439457 4628990 1775251 235545
464 4459755 2246713 448159 4249289 2406287 162026
465 4630213 2358768 285626 3748066 2567032 273260
466 4125005 2835621 203302 4103565 2291207 200219
467 4440884 2311927 245889 4072803 2791109 394962
468 4518041 2229671 209306 4708880 2717760 285021
469 4646497 2654409 362172 4376011 2362543 278440
470 4276650 2567487 293271 4302048 2473265 201605
471 4775078 2457872 207940 4307456 2436550 201849
472 4539627 2558117 206638 3993069 1863973 237614
473 4049961 1951533 360004 3605077 2555097 203768
474 4341575 2506285 419691 4040962 2274202 204235
475 5093372 2475896 291668 4396087 2299783 400917
476 4781876 2801049 211616 4423195 2623491 284270
477 4609464 1994696 209310 4145927 2840619 200001
478 4030817 2632029 292085 4432575 2518038 324003
479 4379337 2320021 213689 4359063 2460609 203472
480 4016027 2558182 374964 4705609 2478362 488101
481 4818458 2374449 573256 4826915 2734681 249211
482 4925739 2563370 293782 4306662 2671661 330279
483 4844182 1951733 211898 4265445 2768506 453591
484 4964859 2175102 381703 4671333 2906645 211825
485 5055282 1884929 301056 4530308 2575438 410752
486 4478811 2814042 303439 4304437 2494672 418985
487 4361503 2684858 217657 4543097 2377978 208811
488 4194684 2417354 259212 4715133 2217120 206294
489 4770939 2924485 253067 4074258 2267026 292225
490 5078190 2464548 214848 4905065 2832227 210382
491 4454788 2724787 515736 3840252 2426395 248327
492 4670975 2494465 217370 4841125 2231500 212414
493 4911089 2460350 213784 4816538 2696782 166781
494 4591988 2656350 221145 4536908 2628004 294685
495 4870829 2651554 265911 4530210 2328634 209326
496 3927327 2516268 217999 4663430 2752757 331060
497 5077946 3059043 215133 5145006 2930248 168167
498 4630321 2978503 690063 3796933 2753477 382668
499 4792454 2602193 219289 4837577 2855294 468435
500 4350537 2826219 429162 4684004 2492629 248933
501 4703272 2347189 225463 4548354 2361278 291747
502 4868361 2592103 221604 4940739 2644932 174267
503 4238891 2753160 223819 5166705 2100868 676258
504 4894365 3086416 220889 4129422 2709257 306091
505 4469055 2531153 218182 4753775 2887658 338424
506 4631656 2625175 221403 4621557 2420309 255743
507 4930957 2884781 595423 4135064 2745551 219462
508 4497560 2930002 264036 4870576 2402372 260710
509 5054463 2512570 307570 4620970 2904978 221191
