10 664 626 527 4786 2635 594
20 1695 1743 807 9553 7282 1299
30 1635 3772 1093 16845 6145 3371
40 1755 3088 1153 26562 11786 2799
50 4692 2904 1049 27736 14776 1188
60 4952 2852 1656 29762 19186 4139
70 5962 2879 1031 36359 17272 1516
80 6932 3438 505 34788 17933 2497
90 7038 3312 550 43746 23442 6375
100 8501 3957 403 41263 17469 4339
110 8981 4759 1817 67757 34085 1802
120 10547 6465 1471 56104 27150 3371
130 8496 5840 1027 60015 32786 3714
140 11824 6261 2912 80950 28903 6554
150 9115 6841 827 73350 34246 2363
160 11164 3560 868 72145 43946 4939
170 10467 7688 1647 80116 44506 1889
180 9733 6020 3683 79315 43572 3332
190 11919 6294 793 86876 40676 5768
200 11158 6673 2026 72151 45194 11932
210 14145 6580 1014 77250 53327 20614
220 10627 7670 3264 86359 67427 3775
230 13647 7183 1389 111895 47610 5829
240 15116 7361 2154 117385 56121 7819
250 13973 8927 1255 118108 61512 7220
260 15693 8145 2741 128973 65748 13390
270 13357 8684 2181 141076 69080 14202
280 16299 6854 3326 120518 53450 16925
290 12867 8029 466 136216 62090 12545
300 19183 10100 2036 122250 77836 18637
310 14154 9877 2340 155810 65363 15679
320 19416 10465 1647 124264 56104 15454
330 15660 6923 1315 150708 62294 11094
340 18704 7558 1193 123432 79608 16047
350 13997 6943 1742 156327 65736 13576
360 13287 11580 1423 147389 124060 16833
370 16579 9229 1335 165883 65653 11505
380 17003 8068 4279 172235 92552 14298
390 21656 7870 1948 152535 88962 11521
400 16598 9898 1785 135470 98220 18215
410 15744 9363 2081 163982 79371 6827
420 19757 10445 2358 201001 85841 18582
430 19427 9407 1484 175706 108673 8592
440 21963 10961 1033 170558 109370 16154
450 21301 7615 2824 196866 103160 16741
460 29083 7506 1120 186964 86617 13965
470 19446 11311 1814 188898 101111 8842
480 24724 11764 1152 169648 126756 22968
490 22507 13159 1913 209287 135078 23867
500 23064 10505 2322 230268 117780 14240
510 23687 10508 2202 212614 97869 9712
520 22828 13397 2183 198056 88969 22579
530 19146 12285 3791 216032 108567 22672
540 26200 11313 1806 246052 112865 8258
550 26599 11091 1478 188808 106973 6718
560 29497 12414 1439 240832 108635 18108
570 26496 13137 2778 241898 143597 8421
580 23950 11538 2734 236712 158212 20214
590 20928 14186 1827 277709 151832 12557
600 28946 16590 1348 225247 139677 15175
610 25566 11725 2370 261503 111374 11155
620 28063 10516 3368 286663 155182 43682
630 22776 10941 901 226751 131288 25718
640 27604 14171 1888 243273 181963 22139
650 25912 12461 962 252917 125273 15529
660 29763 15727 895 264078 183889 18301
670 22587 12716 1503 250046 109596 40671
680 30738 11756 726 239959 139691 16219
690 33599 9847 1817 265836 155078 11859
700 28193 13949 1397 242533 162104 12280
710 26657 13149 1602 262353 180602 24626
720 27854 12707 2998 306062 174670 40088
730 33767 15319 2596 292138 184518 29710
740 25519 13388 2178 261086 170443 15743
750 30496 12404 1336 318085 124636 16052
760 23525 13673 1771 275323 158189 40160
770 22785 15577 1029 306346 184148 26828
780 28441 14422 1863 309473 144790 35036
790 26777 12599 1238 325273 177129 45545
800 28980 16281 1415 356390 160416 19789
810 32194 14806 1948 265475 190909 11386
820 30801 20906 1851 340040 175989 19132
830 30716 14100 1378 320740 163432 15189
840 35671 17684 846 318147 151411 6943
850 25490 17650 1298 285141 173667 31485
860 31052 13797 2694 307041 188595 23286
870 29056 12670 2687 338809 177518 23335
880 35970 13121 2333 315032 196972 31344
890 37390 15589 2842 352616 181364 23538
900 35032 13826 2074 387558 163492 38422
910 37430 14519 2731 343442 168433 13148
920 37567 12904 4811 331603 164795 27381
930 43172 19055 2588 338383 172559 18323
940 36147 15213 1879 355090 198948 30671
950 35222 18480 5490 334756 240337 33951
960 35315 14260 5070 373800 189750 16221
970 35974 14890 2990 399843 188625 49622
980 32215 16891 1966 364309 226242 46039
990 32259 16542 2172 397829 251953 33271
1000 36085 14708 1086 332882 218080 37193
1010 36876 13806 1477 393657 241699 36448
1020 36983 15573 2360 381636 260591 55562
1030 31864 11922 1534 358780 229054 62516
1040 30587 20252 4054 406167 217352 23900
1050 40663 16880 2682 375063 206561 41495
1060 40056 17753 1754 408876 216474 20584
1070 35833 20408 2794 390079 250147 44215
1080 34600 13281 2555 418937 191101 33704
1090 36275 20695 3577 369364 197330 25142
1100 32264 23809 2375 339835 166760 18416
1110 30913 17747 3643 414481 245918 45792
1120 44306 20166 4920 395524 261565 49212
1130 42517 16768 3024 451036 203652 42364
1140 41969 14529 2730 366940 176596 15673
1150 39382 17579 998 393574 247720 18849
1160 44424 16612 2437 442408 208697 29395
1170 28372 23217 2923 385617 225164 11566
1180 44430 14470 2251 450844 282212 51394
1190 29564 15464 1907 415760 189876 30533
1200 44270 22689 2656 420442 231964 43785
1210 37812 18117 2033 526590 283159 58100
1220 47499 17501 3346 478200 207864 50525
1230 43804 11185 3434 448053 262042 53441
1240 43447 21771 2502 402814 239707 35684
1250 47708 22455 3069 475233 205649 16692
1260 35804 16922 3438 435517 280040 61977
1270 48858 20347 3394 406125 259831 28017
1280 48242 18772 1976 506984 235642 20839
1290 38224 23436 2351 462387 206259 32249
1300 42541 16384 2461 502525 307749 28434
1310 36183 18252 1975 446821 345819 63535
1320 38750 18576 3746 406133 287368 43826
1330 36906 17145 1576 387685 237095 17597
1340 47291 20229 4692 439957 225299 46157
1350 45960 21384 2198 437701 279280 44795
1360 34256 19965 2383 427100 267769 17609
1370 61980 23228 2009 436150 276769 51198
1380 37406 19464 2682 488940 272444 63929
1390 47508 22398 4488 456303 290580 59222
1400 39560 23497 3235 483472 288745 48269
1410 49790 24598 3708 398834 272107 30998
1420 48142 20032 3437 553892 261286 47951
1430 49236 19739 5036 539659 282807 56367
1440 37913 13816 2309 477336 245215 36286
1450 46536 23093 3731 515072 304063 40282
1460 40876 17251 1197 528071 287718 26290
1470 38984 21909 4050 524511 366292 43805
1480 42931 21293 2907 465839 270811 28320
1490 39286 22250 3145 487477 319841 31759
1500 50339 17976 2848 488512 339699 58814
1510 39897 21539 3635 550921 266367 28683
1520 47059 21184 5744 447238 315930 19697
1530 45661 22952 2564 443252 334861 37602
1540 45228 24251 2547 555212 271851 19533
1550 44489 17291 2841 474327 254241 32757
1560 56073 16531 2261 549415 326684 29167
1570 42640 19654 1511 554373 314068 15136
1580 41085 25089 3729 591933 341886 87985
1590 58822 19939 4564 487711 404549 19798
1600 53918 22062 3567 610407 338561 66157
1610 48788 22145 4077 543023 306718 48460
1620 45794 19202 3530 602442 324835 43543
1630 56370 20921 2528 496959 398692 38787
1640 43553 21799 5466 614711 269008 64099
1650 51578 23205 4578 515115 282912 57580
1660 37504 20245 2909 690338 250232 39694
1670 49153 22921 2854 547502 341571 20995
1680 47512 18871 1502 543147 323532 15765
1690 41632 29403 6556 605384 337258 21458
1700 47096 21403 2353 590191 403647 17082
1710 35363 28636 1510 647918 305989 44446
1720 42458 23828 2655 517051 256623 26078
1730 48368 24580 5738 612438 298323 56264
1740 47888 25627 3394 651916 320946 31563
1750 45450 20327 4099 649036 400188 88758
1760 47229 23686 3039 628057 241606 41340
1770 54227 25408 4449 607152 365946 67375
1780 47032 19782 7350 563623 409078 61230
1790 49159 18320 4296 633712 353185 47679
1800 52721 16917 2620 630449 275674 17237
1810 44791 30939 3715 602118 335634 46265
1820 47173 26050 3585 660780 365867 58256
1830 53540 24616 2150 612687 371792 80027
1840 57921 28370 3204 593201 344777 67985
1850 50806 23660 2395 733402 290180 27576
1860 62385 25672 5292 681457 289233 27067
1870 64640 32008 2678 608079 400624 39361
1880 59308 15720 5904 597288 362727 54220
1890 47487 27332 4471 630537 376975 54733
1900 47192 22696 1712 563998 346590 28289
1910 53516 25466 3522 648777 389621 50042
1920 66144 24340 3432 611576 362848 59925
1930 52116 31051 4485 532423 316652 28189
1940 58763 27417 2393 517432 405477 28861
1950 49141 22918 2007 648606 327866 17689
1960 62065 21772 1644 567646 385756 17976
1970 48137 23571 3370 714795 364393 34774
1980 47060 29096 3260 652143 338286 18408
1990 43901 26727 4737 690681 375696 23914
2000 58524 20396 3461 650655 331861 18613
2010 49894 30174 3975 691112 289955 24340
2020 58289 26131 2638 606712 439031 24283
2030 46472 22606 3111 660074 410137 29530
2040 40026 35495 3501 720179 388277 18814
2050 49163 26163 4357 642593 408062 24960
2060 63573 25360 3110 696747 414707 25042
2070 51295 24463 5118 664557 483726 57470
2080 47614 25540 3408 670299 317842 30810
2090 64932 22009 4733 706546 394567 31061
2100 49551 26775 4737 759741 412165 36595
2110 51100 26317 4524 730576 321210 35966
2120 60512 31535 3892 576805 365973 85334
2130 54798 19928 3564 645811 511802 25673
2140 53490 29613 5749 662938 421003 94628
2150 45938 33029 4838 772368 379286 37163
2160 66639 22352 5833 701351 442370 48636
2170 70149 19381 1983 675850 366672 49344
2180 62907 23164 3942 661831 444327 67225
2190 52672 26949 2042 683854 362589 43308
2200 59202 20799 2554 739618 420035 31637
2210 64825 26912 5597 729166 442073 89200
2220 66056 21733 5406 696568 392774 38813
2230 61114 26538 3966 737269 412505 110358
2240 50526 31233 4650 701232 409297 32544
2250 52484 26199 2275 639438 473940 44241
2260 59779 28841 2850 790645 397921 44687
2270 59741 21728 3613 687689 386276 27841
2280 55744 30552 5116 705189 418377 44332
2290 61972 26044 3935 667447 382779 49907
2300 52878 34438 3262 687248 329428 46327
2310 50369 25316 6172 769345 436460 45413
2320 50853 34677 2899 762284 423328 20812
2330 60402 34045 3519 762078 540110 27266
2340 70884 25683 5857 759715 513327 52422
2350 67881 20839 3942 746478 422009 58907
2360 52278 31201 3441 731175 515596 40525
2370 52712 19526 3949 799462 412745 78266
2380 62797 25463 5115 737645 407803 27530
2390 65364 23937 5508 740734 490714 53679
2400 59904 16202 5659 732621 412474 72347
2410 59936 20316 2762 886919 500407 21390
2420 65233 28266 3684 772240 466521 89870
2430 53540 37110 4678 811683 429382 53541
2440 57225 29527 4862 810352 365596 28422
2450 50183 33522 4769 794871 496584 107983
2460 51335 23600 6196 772524 427309 21874
2470 62726 21203 3754 782795 479933 54916
2480 63694 29695 4573 763628 394838 28962
2490 54880 15784 6988 826311 389534 113227
2500 61404 23232 3246 736733 401428 43190
2510 54261 34930 3404 846865 578790 75551
2520 54585 25891 5001 807335 492144 49144
2530 71044 30934 4979 670862 453019 28452
2540 44000 30863 4015 705762 397197 56365
2550 62828 26939 4759 776287 557184 110793
2560 59927 23874 3357 622005 493764 43326
2570 65486 27410 5387 779469 468428 49913
2580 62458 23831 5220 732503 497732 22577
2590 61001 27887 1868 763654 406642 64797
2600 54925 30533 4292 772355 482367 49125
2610 63356 28873 2648 877489 431135 64123
2620 65979 26030 3882 810555 463760 52087
2630 61218 24495 3844 774679 481765 69650
2640 86485 29133 4481 717932 412080 64415
2650 46059 27549 4624 899651 512614 86829
2660 61219 20356 4583 761744 486330 65089
2670 70676 28584 2529 822274 471502 116444
2680 56208 19548 3702 782605 511534 80432
2690 62586 23646 3507 862016 443229 45124
2700 67214 29844 5578 825634 528173 73877
2710 50131 31903 4093 937453 512463 44223
2720 62235 39544 5435 767689 530171 59588
2730 61025 31233 7362 941126 549814 59471
2740 68854 29899 6802 914262 448140 82541
2750 56976 41124 2384 803816 506207 31173
2760 50293 27136 6486 803951 462048 38275
2770 47225 33101 6993 926777 367541 52787
2780 70749 31985 5005 810977 537473 31926
2790 83664 36260 3940 863236 517707 74290
2800 53072 45224 4695 921043 467860 31479
2810 56802 29025 3104 817099 558640 53489
2820 62230 33421 2558 1041619 461114 31921
2830 65327 21024 1952 983446 521667 24058
2840 67415 16403 2987 882314 421775 39390
2850 65578 32120 5155 848962 416596 32068
2860 85915 31808 2497 1048334 531599 89923
2870 75254 31215 4776 864027 597801 32533
2880 65079 37516 4659 1033557 453561 118944
2890 58378 24475 6568 932085 578527 62571
2900 69640 35042 4747 928172 421920 32551
2910 84890 34524 5362 807407 463099 32281
2920 79395 36786 5599 944451 553208 40712
2930 58425 29743 2801 767600 457238 32118
2940 75008 35098 3159 896827 561119 33149
2950 71984 37609 5472 827829 499955 24999
2960 80255 28585 8460 920255 476161 33027
2970 70942 33889 4268 1053349 490863 55819
2980 61459 34505 2275 950834 576975 25112
2990 72939 30184 5517 813804 604710 33555
3000 81870 34014 6476 969241 543595 49037
3010 75222 41797 7592 953193 470667 33478
3020 67054 34149 5572 1093976 557567 25462
3030 77210 28952 3510 830300 608660 57730
3040 75176 22119 4955 1009662 673864 118766
3050 77102 36984 6336 960539 431495 41809
3060 57100 36656 2036 825413 536224 100011
3070 73350 38727 4201 1049991 528065 74344
3080 62783 35416 3538 896241 622736 97290
3090 75464 32004 4783 1054055 455542 80687
3100 92027 38925 5569 994002 553844 73003
3110 64866 31939 4687 834618 561401 35862
3120 77843 40186 6759 847920 656131 82819
3130 68806 32893 5812 1026675 518914 74411
3140 81318 32656 2825 852157 542746 34739
3150 60588 33034 4742 835513 485195 35098
3160 65739 32930 2849 842812 587455 35286
3170 57019 39125 3095 851315 560050 58301
3180 79312 26407 5430 946757 554550 59102
3190 69170 22391 4427 1034257 644223 51686
3200 67948 32073 4256 784925 557158 82782
3210 83742 30877 7197 857850 564305 75261
3220 72854 25224 4122 910754 567688 60747
3230 85075 28109 4526 994465 445893 123926
3240 79469 31033 5290 1018685 637695 27616
3250 88668 31882 5566 973764 612477 77880
3260 61491 31058 6196 1118860 493621 35965
3270 59019 29659 5087 879158 614631 35729
3280 64873 25174 5322 944648 437420 96365
3290 64886 31879 6189 1015375 662571 98081
3300 83428 34151 3417 884065 502601 113150
3310 81860 42914 5673 853099 619757 70643
3320 65081 28081 6071 1040900 563567 36972
3330 63250 44896 4525 865879 556557 112686
3340 58517 33995 6096 988731 563336 36199
3350 87493 37991 4562 1043351 666322 97970
3360 70661 32572 9152 1165501 642392 69724
3370 82810 33990 1811 1009197 476594 27897
3380 83104 33657 3410 1107426 655536 62127
3390 75382 41975 3814 992123 539571 94863
3400 73551 40127 3798 1119117 579533 37281
3410 77481 38068 3256 946754 611907 64556
3420 91477 28798 4705 958518 708665 124183
3430 80977 38838 5741 1044974 612866 62897
3440 73948 39618 6130 1151130 673507 109638
3450 83267 21807 5726 1146501 647646 63324
3460 80836 26819 3979 1129961 605143 65189
3470 65394 45464 7314 959561 567700 89145
3480 76865 28579 6359 1082320 635081 54186
3490 82981 38534 8154 1079714 662772 81971
3500 70608 24952 8829 986851 587107 108131
3510 78552 37590 4892 999323 552953 37329
3520 70592 29478 2188 1212029 678118 56823
3530 77282 28443 3605 1095017 634517 119286
3540 74736 34615 4318 1013230 667080 56546
3550 60164 32401 4791 1047726 584671 38054
3560 59556 44663 5245 1081662 671708 39159
3570 92809 45274 5830 1014757 627478 38222
3580 86772 27857 5676 1099550 652864 38653
3590 90773 33201 6101 1135183 480077 38106
3600 73912 43240 7669 1108119 623772 29528
3610 76509 29118 8134 928538 790639 75299
3620 74254 36908 4404 1208314 702897 65151
3630 84699 45686 2903 1028235 605305 93736
3640 77875 43880 4490 1123965 684544 193580
3650 86944 32989 6657 1106773 571920 39674
3660 77301 36102 6055 1075016 613296 39091
3670 74022 35989 4728 992624 587592 74976
3680 75173 23181 6214 1063000 726992 83178
3690 86389 39971 8153 1104001 562029 93865
3700 78429 35999 4055 1079798 540655 65795
3710 66449 32735 7640 1095662 637623 48140
3720 76810 30999 3649 1114351 637622 49384
3730 76439 37466 4024 1242630 674059 48101
3740 92632 27941 4879 1210191 554653 147756
3750 76761 37776 4781 1110511 669825 39915
3760 74932 33963 5138 1051152 734055 39564
3770 65723 51916 5525 1179549 650827 50083
3780 59904 38436 3626 1111642 720967 115238
3790 70609 36359 3942 1025724 677561 40109
3800 71130 33949 5903 1050720 794028 114244
3810 82302 34536 4834 1322923 557782 68607
3820 103623 46083 6765 1083093 787289 116366
3830 91831 36739 5858 1202409 737043 106783
3840 85510 45701 5706 1124004 682730 61147
3850 79744 32982 2374 1079708 661779 88288
3860 62945 36803 3607 1099596 691984 42005
3870 85341 45191 2744 1167220 725547 69604
3880 89519 43107 3511 1238007 559065 106875
3890 90993 33548 4852 1143096 587699 51824
3900 93041 35510 7343 1051108 600365 41396
3910 81682 33674 6722 1110843 773229 61057
3920 79984 35032 4964 1157777 692128 32141
3930 84484 46240 3494 1190859 499251 117032
3940 83482 53765 8732 1133164 734075 80149
3950 88782 40369 4244 1193398 716799 32158
3960 75410 32200 4176 1041915 650707 32102
3970 65234 43333 4769 1178455 665509 32125
3980 68776 42890 3077 1160243 682100 61868
3990 75702 36087 6745 1207292 697052 111656
4000 97454 43221 8518 1145629 653350 150723
4000 97454 43221 8518 1145629 653350 150723
8000 135275 78558 6321 2268189 1070025 216525
16000 203189 94258 14115 3916305 2388575 127201
32000 318220 163828 15520 6320118 3987147 216042
64000 530439 205832 50587 12225881 7341143 814432
128000 588738 275998 16441 15249587 13792914 1532387
256000 1129820 460539 65657 29683456 21965002 1813903
512000 1593241 629410 44941 56620432 34193226 2552514
1024000 2279030 956130 66028 84510267 57838156 4165890
2048000 4382338 1600891 119504 157428484 100953498 6705604
