10 -0.00000000 -0.02064431 -0.05719921 -0.06906790 -0.09593041 -0.21893491
20 -0.00907298 -0.03747535 -0.06508876 -0.07541780 -0.11895791 -0.19526627
30 -0.00000000 -0.04559357 -0.17159763 -0.08940862 -0.11182521 -0.21893491
40 0.00000000 -0.04133674 -0.09171598 -0.09155122 -0.12523661 -0.26627219
50 -0.02313072 -0.06631300 -0.11242604 -0.09870491 -0.12009912 -0.26627219
60 -0.03451326 -0.05456936 -0.09664694 -0.09504186 -0.13104765 -0.24260355
70 -0.02488102 -0.05372636 -0.26627219 -0.09786936 -0.13362804 -0.24260355
80 -0.03225269 -0.06742448 -0.26627219 -0.10038760 -0.12458628 -0.26627219
90 -0.02756284 -0.05674404 -0.21893491 -0.09842828 -0.12994234 -0.21893491
100 -0.02912300 -0.07376726 -0.26627219 -0.09676366 -0.12134185 -0.26627219
110 -0.03137789 -0.06040202 -0.08875740 -0.10558336 -0.13294619 -0.31360947
120 -0.03526627 -0.06468856 -0.21893491 -0.10264221 -0.13443187 -0.26627219
130 -0.03394581 -0.06587771 -0.21893491 -0.10573013 -0.14676638 -0.31360947
140 -0.03586741 -0.06156197 -0.09664694 -0.10366682 -0.13986908 -0.26627219
150 -0.02695205 -0.07523246 -0.26627219 -0.10487407 -0.12758227 -0.31360947
160 -0.04238438 -0.07278188 -0.19526627 -0.10288421 -0.14539877 -0.31360947
170 -0.04190303 -0.07503868 -0.17159763 -0.10360323 -0.14382833 -0.26627219
180 -0.03483698 -0.08954635 -0.12031558 -0.10175286 -0.13233707 -0.26627219
190 -0.03713192 -0.06247566 -0.21893491 -0.10278136 -0.13941292 -0.26627219
200 -0.03468907 -0.08165680 -0.21893491 -0.10369977 -0.14283754 -0.31360947
210 -0.03914429 -0.06382441 -0.21893491 -0.10240936 -0.13874793 -0.31360947
220 -0.03634827 -0.08338168 -0.21893491 -0.10304802 -0.14288393 -0.31360947
230 -0.03763114 -0.08488890 -0.19526627 -0.10783090 -0.13785661 -0.26627219
240 -0.04703310 -0.06397929 -0.21893491 -0.10731830 -0.14468765 -0.26627219
250 -0.03729490 -0.07951367 -0.21893491 -0.10888109 -0.14305258 -0.26627219
260 -0.03887349 -0.08153490 -0.21893491 -0.10399853 -0.14627330 -0.31360947
270 -0.03956607 -0.08141896 -0.26627219 -0.10596783 -0.14340878 -0.26627219
280 -0.04658023 -0.07553080 -0.21893491 -0.10638947 -0.13995607 -0.26627219
290 -0.03172655 -0.07830721 -0.21893491 -0.10752956 -0.14265174 -0.26627219
300 -0.04957318 -0.08518887 -0.21893491 -0.10442956 -0.14128980 -0.26627219
310 -0.04772829 -0.07523246 -0.21893491 -0.11007695 -0.13936069 -0.31360947
320 -0.04315365 -0.07976563 -0.19526627 -0.10300463 -0.14002003 -0.31360947
330 -0.04729757 -0.08016656 -0.21893491 -0.10571821 -0.13887150 -0.31360947
340 -0.04364480 -0.08954635 -0.21893491 -0.10417211 -0.14442149 -0.26627219
350 -0.04054427 -0.07810055 -0.21893491 -0.10686333 -0.14389793 -0.26627219
360 -0.03634827 -0.08954635 -0.19526627 -0.10775420 -0.15006869 -0.26627219
370 -0.04299803 -0.08311167 -0.21893491 -0.10590673 -0.14095088 -0.26627219
380 -0.04617679 -0.07790927 -0.21893491 -0.10510277 -0.14466115 -0.31360947
390 -0.04542506 -0.08165680 -0.21893491 -0.10665207 -0.14546723 -0.31360947
400 -0.05557867 -0.08165680 -0.21893491 -0.10465606 -0.13831888 -0.26627219
410 -0.04846446 -0.08317436 -0.21893491 -0.10573174 -0.14585883 -0.31360947
420 -0.04725995 -0.08203033 -0.26627219 -0.10581373 -0.14656499 -0.26627219
430 -0.05071847 -0.08309891 -0.21893491 -0.10814613 -0.14657209 -0.31360947
440 -0.04747894 -0.08671700 -0.19526627 -0.10695309 -0.14712026 -0.31360947
450 -0.05065440 -0.08405555 -0.19526627 -0.10589773 -0.14576849 -0.31360947
460 -0.04694458 -0.08430362 -0.26627219 -0.10593851 -0.14421774 -0.31360947
470 -0.04569183 -0.08165680 -0.21893491 -0.10709000 -0.14640159 -0.31360947
480 -0.04673107 -0.09314048 -0.19526627 -0.10431223 -0.14726780 -0.26627219
490 -0.05654551 -0.08954635 -0.17159763 -0.10599800 -0.14745172 -0.26627219
500 -0.05117544 -0.08179500 -0.26627219 -0.10830135 -0.14546411 -0.31360947
510 -0.05227967 -0.08444989 -0.19526627 -0.10620040 -0.14361615 -0.31360947
520 -0.04873336 -0.09032843 -0.26627219 -0.10410507 -0.14554876 -0.31360947
530 -0.04527019 -0.09038171 -0.21893491 -0.10709951 -0.14363529 -0.31360947
540 -0.05943745 -0.08754362 -0.21893491 -0.10885091 -0.14352631 -0.26627219
550 -0.05535906 -0.09421939 -0.21893491 -0.10766992 -0.14458258 -0.31360947
560 -0.05973224 -0.09072261 -0.26627219 -0.10769361 -0.14576823 -0.31360947
570 -0.04898160 -0.09663592 -0.21893491 -0.10605896 -0.14950648 -0.31360947
580 -0.05424354 -0.09260355 -0.21893491 -0.10621205 -0.14863771 -0.31360947
590 -0.05806837 -0.08842937 -0.19526627 -0.10862731 -0.14522745 -0.31360947
600 -0.04874819 -0.09381164 -0.21893491 -0.10821901 -0.14640880 -0.31360947
610 -0.05019230 -0.08853069 -0.21893491 -0.10944618 -0.14522187 -0.31360947
620 -0.05292512 -0.08632783 -0.21893491 -0.11103873 -0.14779117 -0.31360947
630 -0.04558304 -0.08330644 -0.21893491 -0.10708750 -0.14751277 -0.31360947
640 -0.05355875 -0.08954635 -0.21893491 -0.10936390 -0.14701670 -0.31360947
650 -0.05730921 -0.08314873 -0.26627219 -0.10925336 -0.14528013 -0.31360947
660 -0.06303557 -0.09286654 -0.19526627 -0.10821315 -0.14918735 -0.31360947
670 -0.04391970 -0.09232810 -0.19526627 -0.10905805 -0.13929436 -0.31360947
680 -0.05430013 -0.08165680 -0.21893491 -0.10906886 -0.14770667 -0.31360947
690 -0.05301021 -0.09541824 -0.19526627 -0.10870000 -0.14671016 -0.31360947
700 -0.05201340 -0.08129520 -0.21893491 -0.10774020 -0.14914485 -0.31360947
710 -0.05983747 -0.08808613 -0.26627219 -0.10675113 -0.14828611 -0.26627219
720 -0.05566961 -0.08954635 -0.21893491 -0.11078612 -0.14658788 -0.31360947
730 -0.05355822 -0.09486751 -0.21893491 -0.10847808 -0.14870188 -0.26627219
740 -0.05645896 -0.08911037 -0.21893491 -0.10766774 -0.14629528 -0.31360947
750 -0.05746966 -0.09526094 -0.26627219 -0.10932677 -0.14892809 -0.31360947
760 -0.04988961 -0.08954635 -0.21893491 -0.11025030 -0.14618327 -0.31360947
770 -0.05048788 -0.09998279 -0.21893491 -0.10929213 -0.14717850 -0.26627219
780 -0.06419031 -0.09351433 -0.26627219 -0.10841348 -0.15016270 -0.31360947
790 -0.05805522 -0.09431649 -0.21893491 -0.10991903 -0.14751479 -0.26627219
800 -0.04907237 -0.09824772 -0.21893491 -0.11010964 -0.14825987 -0.26627219
810 -0.06181500 -0.09666229 -0.26627219 -0.10560024 -0.14755986 -0.31360947
820 -0.04871795 -0.10030802 -0.26627219 -0.11018815 -0.14717185 -0.31360947
830 -0.05841835 -0.09519041 -0.19526627 -0.10983605 -0.14745025 -0.31360947
840 -0.06259129 -0.09638019 -0.21893491 -0.10827775 -0.14935644 -0.31360947
850 -0.05407780 -0.09357587 -0.21893491 -0.10732764 -0.14848159 -0.31360947
860 -0.05317104 -0.08962552 -0.26627219 -0.10655170 -0.14907554 -0.31360947
870 -0.05421191 -0.09275658 -0.26627219 -0.10885040 -0.14734491 -0.31360947
880 -0.05764628 -0.09448118 -0.19526627 -0.10750896 -0.15050790 -0.31360947
890 -0.07182198 -0.09743590 -0.21893491 -0.10967820 -0.14552059 -0.31360947
900 -0.06436241 -0.08843581 -0.21893491 -0.10919586 -0.14619158 -0.28994083
910 -0.05778794 -0.09790856 -0.21893491 -0.10985457 -0.14697865 -0.31360947
920 -0.06144058 -0.09105851 -0.21893491 -0.10607343 -0.14549065 -0.31360947
930 -0.06379636 -0.09940828 -0.21893491 -0.10895958 -0.14905035 -0.28994083
940 -0.05754370 -0.09898459 -0.26627219 -0.10893278 -0.14700740 -0.31360947
950 -0.06085022 -0.09661111 -0.31360947 -0.10983600 -0.14980583 -0.31360947
960 -0.05514328 -0.09754348 -0.21893491 -0.11010080 -0.14933602 -0.31360947
970 -0.05962119 -0.09314048 -0.21893491 -0.11092404 -0.14674035 -0.31360947
980 -0.05523373 -0.09460150 -0.21893491 -0.11025489 -0.14981264 -0.31360947
990 -0.05625111 -0.08763032 -0.21893491 -0.10853246 -0.14945111 -0.26627219
1000 -0.05390712 -0.08803008 -0.26627219 -0.10928257 -0.15041093 -0.26627219
1010 -0.05015660 -0.09166796 -0.26627219 -0.11060002 -0.14852160 -0.31360947
1020 -0.06005996 -0.10213264 -0.21893491 -0.11053301 -0.15149110 -0.31360947
1030 -0.06429980 -0.08954635 -0.26627219 -0.10980717 -0.14950930 -0.31360947
1040 -0.05584418 -0.09464404 -0.26627219 -0.11051647 -0.14759331 -0.31360947
1050 -0.06021083 -0.09145682 -0.26627219 -0.10973486 -0.14894639 -0.26627219
1060 -0.06324842 -0.09996680 -0.21893491 -0.10907026 -0.14938061 -0.31360947
1070 -0.06883123 -0.09699688 -0.26627219 -0.10834688 -0.14873491 -0.31360947
1080 -0.06237920 -0.09048483 -0.21893491 -0.10932097 -0.14882019 -0.31360947
1090 -0.05640700 -0.09342071 -0.21893491 -0.10931898 -0.14847852 -0.31360947
1100 -0.05499155 -0.09465189 -0.26627219 -0.10852468 -0.14905082 -0.31360947
1110 -0.05183250 -0.10010621 -0.26627219 -0.10976821 -0.14916712 -0.26627219
1120 -0.06118039 -0.09368836 -0.26627219 -0.11062486 -0.14938425 -0.26627219
1130 -0.05831656 -0.09704873 -0.21893491 -0.11111890 -0.15010537 -0.28994083
1140 -0.05631285 -0.09743590 -0.21893491 -0.10957311 -0.14933505 -0.31360947
1150 -0.06146158 -0.09136496 -0.26627219 -0.10844110 -0.15082599 -0.31360947
1160 -0.06545386 -0.10168749 -0.21893491 -0.10978901 -0.14877174 -0.31360947
1170 -0.06163226 -0.09903268 -0.26627219 -0.11021060 -0.14989866 -0.31360947
1180 -0.05836756 -0.08910485 -0.21893491 -0.10982146 -0.15045620 -0.31360947
1190 -0.06666667 -0.09760848 -0.26627219 -0.10891372 -0.14935611 -0.31360947
1200 -0.05599925 -0.09582129 -0.26627219 -0.10997770 -0.14889338 -0.31360947
1210 -0.06087990 -0.09210929 -0.26627219 -0.11109396 -0.14920212 -0.26627219
1220 -0.05950283 -0.12294543 -0.19526627 -0.11312287 -0.14979475 -0.31360947
1230 -0.06457501 -0.10532544 -0.21893491 -0.10972087 -0.14699747 -0.31360947
1240 -0.06817886 -0.09178271 -0.26627219 -0.10885101 -0.14949297 -0.31360947
1250 -0.05818525 -0.09578645 -0.26627219 -0.11076329 -0.14707005 -0.31360947
1260 -0.05783275 -0.09882972 -0.21893491 -0.10841455 -0.15149065 -0.31360947
1270 -0.05663136 -0.09711601 -0.21893491 -0.10857129 -0.15011528 -0.31360947
1280 -0.06283337 -0.10589390 -0.26627219 -0.11098464 -0.14916415 -0.31360947
1290 -0.05866721 -0.10319527 -0.21893491 -0.10953643 -0.14952953 -0.31360947
1300 -0.06163940 -0.08874337 -0.21893491 -0.11186249 -0.15133480 -0.31360947
1310 -0.05787323 -0.08992748 -0.26627219 -0.10976662 -0.15172067 -0.31360947
1320 -0.05464420 -0.10056432 -0.21893491 -0.10921674 -0.14941444 -0.31360947
1330 -0.05879201 -0.09309109 -0.26627219 -0.10943135 -0.14873602 -0.31360947
1340 -0.06810906 -0.09696844 -0.26627219 -0.10925468 -0.14917364 -0.31360947
1350 -0.05757404 -0.10046447 -0.26627219 -0.10992142 -0.14982033 -0.31360947
1360 -0.05692998 -0.09743590 -0.21893491 -0.11020736 -0.15130986 -0.31360947
1370 -0.06967674 -0.09730627 -0.21893491 -0.11025652 -0.15231817 -0.26627219
1380 -0.05875304 -0.09932062 -0.21893491 -0.11125566 -0.14933144 -0.31360947
1390 -0.06545545 -0.09823625 -0.26627219 -0.10994062 -0.15145355 -0.31360947
1400 -0.06404744 -0.09506079 -0.21893491 -0.10929565 -0.14799934 -0.26627219
1410 -0.06308307 -0.09468701 -0.21893491 -0.10894846 -0.14902918 -0.31360947
1420 -0.06131986 -0.09229300 -0.26627219 -0.11184149 -0.15157338 -0.31360947
1430 -0.06468892 -0.09505243 -0.21893491 -0.10989387 -0.15103867 -0.31360947
1440 -0.06015175 -0.09551441 -0.26627219 -0.11095361 -0.14867906 -0.28994083
1450 -0.05671528 -0.09765886 -0.26627219 -0.11099088 -0.14763845 -0.31360947
1460 -0.07297450 -0.08914343 -0.21893491 -0.11052270 -0.15101371 -0.31360947
1470 -0.05209184 -0.10150282 -0.21893491 -0.10967006 -0.15126031 -0.31360947
1480 -0.06064513 -0.09429978 -0.26627219 -0.10988682 -0.14941502 -0.31360947
1490 -0.05455811 -0.09737828 -0.21893491 -0.10957754 -0.15129808 -0.31360947
1500 -0.06025983 -0.09206828 -0.21893491 -0.11030179 -0.15106142 -0.31360947
1510 -0.06191278 -0.10532544 -0.26627219 -0.11025490 -0.14954326 -0.31360947
1520 -0.06004016 -0.09644053 -0.26627219 -0.10875526 -0.14904251 -0.31360947
1530 -0.06467282 -0.10609779 -0.21893491 -0.10882053 -0.15023057 -0.31360947
1540 -0.05972741 -0.09316517 -0.21893491 -0.10854962 -0.14657048 -0.31360947
1550 -0.06922284 -0.09058368 -0.21893491 -0.11060076 -0.15011102 -0.31360947
1560 -0.06224128 -0.10848126 -0.21893491 -0.10994759 -0.15039180 -0.31360947
1570 -0.05630228 -0.09520808 -0.26627219 -0.11034765 -0.14945930 -0.31360947
1580 -0.06595423 -0.09142630 -0.26627219 -0.11099449 -0.14970412 -0.31360947
1590 -0.06149540 -0.09970557 -0.21893491 -0.10825411 -0.15303474 -0.31360947
1600 -0.06784324 -0.08900886 -0.19526627 -0.11154040 -0.15038548 -0.31360947
1610 -0.06022809 -0.10071695 -0.26627219 -0.10974043 -0.14803671 -0.31360947
1620 -0.06340720 -0.09848451 -0.26627219 -0.11046251 -0.15046431 -0.31360947
1630 -0.06689956 -0.09880165 -0.21893491 -0.10922539 -0.15206427 -0.31360947
1640 -0.06214651 -0.09591868 -0.26627219 -0.10998561 -0.14990926 -0.28994083
1650 -0.06577692 -0.10014514 -0.21893491 -0.11109308 -0.14877320 -0.31360947
1660 -0.06282171 -0.09753498 -0.21893491 -0.11158174 -0.14909264 -0.31360947
1670 -0.06210173 -0.09676321 -0.21893491 -0.11009437 -0.15105598 -0.31360947
1680 -0.05981298 -0.10269560 -0.21893491 -0.10857855 -0.15119035 -0.31360947
1690 -0.06379970 -0.09776675 -0.26627219 -0.11188895 -0.14963514 -0.31360947
1700 -0.05631717 -0.09500756 -0.26627219 -0.11084747 -0.15211113 -0.31360947
1710 -0.06406582 -0.10286807 -0.26627219 -0.11259274 -0.15140345 -0.31360947
1720 -0.06537092 -0.10772091 -0.26627219 -0.11036502 -0.14721859 -0.31360947
1730 -0.05774982 -0.10532544 -0.21893491 -0.11060501 -0.14982676 -0.31360947
1740 -0.06382091 -0.09743590 -0.26627219 -0.11096345 -0.15054197 -0.31360947
1750 -0.06320855 -0.09781826 -0.26627219 -0.11130807 -0.15252744 -0.31360947
1760 -0.06652355 -0.09616476 -0.21893491 -0.11144423 -0.14939974 -0.31360947
1770 -0.06246943 -0.09880915 -0.21893491 -0.11076260 -0.15008781 -0.31360947
1780 -0.06446882 -0.10751441 -0.26627219 -0.10957969 -0.14887930 -0.31360947
1790 -0.06316299 -0.10149901 -0.26627219 -0.11192905 -0.14919655 -0.31360947
1800 -0.05954433 -0.10446728 -0.21893491 -0.11020492 -0.15029859 -0.31360947
1810 -0.05263628 -0.10674840 -0.21893491 -0.10988995 -0.14875630 -0.31360947
1820 -0.05831991 -0.10138067 -0.26627219 -0.10981334 -0.15070180 -0.31360947
1830 -0.06283814 -0.09794980 -0.26627219 -0.10922239 -0.15112651 -0.31360947
1840 -0.06302948 -0.09955362 -0.21893491 -0.11131655 -0.15013794 -0.31360947
1850 -0.06291718 -0.10650888 -0.21893491 -0.11118628 -0.14910782 -0.31360947
1860 -0.06459087 -0.10183743 -0.26627219 -0.11068339 -0.14975336 -0.31360947
1870 -0.06575141 -0.10232754 -0.21893491 -0.11130251 -0.15204474 -0.31360947
1880 -0.06759402 -0.09449609 -0.26627219 -0.11193755 -0.14902353 -0.31360947
1890 -0.06502779 -0.09817044 -0.21893491 -0.11101764 -0.14980127 -0.31360947
1900 -0.06297268 -0.09796960 -0.26627219 -0.11051464 -0.15111303 -0.31360947
1910 -0.06682175 -0.09763314 -0.21893491 -0.11117539 -0.15122718 -0.31360947
1920 -0.07066649 -0.10034257 -0.21893491 -0.11121725 -0.14891277 -0.31360947
1930 -0.06356495 -0.10172067 -0.21893491 -0.10873299 -0.14959993 -0.31360947
1940 -0.06887535 -0.09892572 -0.19526627 -0.10895352 -0.15211280 -0.31360947
1950 -0.06366899 -0.10238878 -0.26627219 -0.11016895 -0.14921644 -0.31360947
1960 -0.06490611 -0.09943774 -0.21893491 -0.10820733 -0.15039323 -0.31360947
1970 -0.06559265 -0.09755230 -0.26627219 -0.11198461 -0.15160122 -0.31360947
1980 -0.06168020 -0.09949147 -0.26627219 -0.11060253 -0.14981238 -0.31360947
1990 -0.05791046 -0.10655049 -0.21893491 -0.11150472 -0.14786187 -0.31360947
2000 -0.06133974 -0.09664372 -0.21893491 -0.11108431 -0.15106732 -0.31360947
2010 -0.07027194 -0.09762125 -0.19526627 -0.11176219 -0.14881107 -0.31360947
2020 -0.06029275 -0.09878622 -0.26627219 -0.11227951 -0.15188403 -0.31360947
2030 -0.05703221 -0.10289283 -0.21893491 -0.11042612 -0.15209115 -0.31360947
2040 -0.06073021 -0.09579151 -0.26627219 -0.11278391 -0.15159490 -0.31360947
2050 -0.06516494 -0.10496295 -0.26627219 -0.11053550 -0.15121601 -0.31360947
2060 -0.06300638 -0.10320264 -0.21893491 -0.11113359 -0.15114874 -0.31360947
2070 -0.06442433 -0.10013904 -0.21893491 -0.11137844 -0.15232705 -0.31360947
2080 -0.06811185 -0.10175778 -0.21893491 -0.11013023 -0.15052506 -0.31360947
2090 -0.06553656 -0.09702947 -0.21893491 -0.11243822 -0.15099816 -0.31360947
2100 -0.05876737 -0.09572370 -0.26627219 -0.11058272 -0.14854383 -0.31360947
2110 -0.06814307 -0.09541796 -0.31360947 -0.11214501 -0.15072079 -0.31360947
2120 -0.06279170 -0.10122611 -0.26627219 -0.10982568 -0.14960162 -0.31360947
2130 -0.06132580 -0.10727074 -0.21893491 -0.11015013 -0.15131279 -0.31360947
2140 -0.06030731 -0.11058514 -0.26627219 -0.11066974 -0.15041375 -0.31360947
2150 -0.06735175 -0.10182446 -0.21893491 -0.11268987 -0.15158718 -0.31360947
2160 -0.07154729 -0.10138067 -0.21893491 -0.11096860 -0.15169175 -0.31360947
2170 -0.06561802 -0.09764629 -0.26627219 -0.11133678 -0.15147393 -0.31360947
2180 -0.07083803 -0.10010416 -0.21893491 -0.10892835 -0.15228073 -0.31360947
2190 -0.05697446 -0.09821233 -0.21893491 -0.11062044 -0.14981076 -0.31360947
2200 -0.07198507 -0.10202401 -0.21893491 -0.11123700 -0.15166279 -0.31360947
2210 -0.06900491 -0.10814946 -0.21893491 -0.11093188 -0.14992906 -0.31360947
2220 -0.07062944 -0.10070094 -0.26627219 -0.11140144 -0.15064801 -0.31360947
2230 -0.06633980 -0.10300575 -0.21893491 -0.11258378 -0.15208037 -0.31360947
2240 -0.06142164 -0.10518123 -0.26627219 -0.11276318 -0.15133572 -0.31360947
2250 -0.07633336 -0.11363032 -0.31360947 -0.11112608 -0.15030921 -0.31360947
2260 -0.06398759 -0.11398318 -0.26627219 -0.11094215 -0.15076992 -0.31360947
2270 -0.06824534 -0.10665680 -0.26627219 -0.11121757 -0.14943520 -0.31360947
2280 -0.06269699 -0.09960552 -0.26627219 -0.11107152 -0.14995012 -0.31360947
2290 -0.06379640 -0.10146574 -0.21893491 -0.11137568 -0.15009156 -0.31360947
2300 -0.06937008 -0.10454171 -0.26627219 -0.11197980 -0.14898033 -0.31360947
2310 -0.06035382 -0.09946965 -0.26627219 -0.11346005 -0.14792145 -0.31360947
2320 -0.06280942 -0.10170052 -0.26627219 -0.11325841 -0.15143738 -0.31360947
2330 -0.06123430 -0.10245167 -0.26627219 -0.11086325 -0.15344840 -0.31360947
2340 -0.07139937 -0.09710148 -0.21893491 -0.11189647 -0.15196904 -0.31360947
2350 -0.06736914 -0.10179886 -0.26627219 -0.10982606 -0.15031737 -0.31360947
2360 -0.07036193 -0.09922616 -0.26627219 -0.11150633 -0.15272053 -0.31360947
2370 -0.06467806 -0.10081713 -0.21893491 -0.10976904 -0.14899947 -0.31360947
2380 -0.06825365 -0.09735794 -0.21893491 -0.11064788 -0.15120022 -0.31360947
2390 -0.06619411 -0.10455828 -0.21893491 -0.11000969 -0.15144778 -0.31360947
2400 -0.06247676 -0.09525467 -0.26627219 -0.10914362 -0.15106180 -0.31360947
2410 -0.07103015 -0.10702024 -0.26627219 -0.11023009 -0.15077572 -0.31360947
2420 -0.06658526 -0.09754348 -0.21893491 -0.11089947 -0.15354951 -0.31360947
2430 -0.07528889 -0.10833844 -0.21893491 -0.11107533 -0.15133904 -0.31360947
2440 -0.06664010 -0.09935569 -0.26627219 -0.11118524 -0.14909773 -0.31360947
2450 -0.06617322 -0.09912833 -0.21893491 -0.11274017 -0.15200771 -0.31360947
2460 -0.07294594 -0.09698030 -0.21893491 -0.11021895 -0.15224653 -0.31360947
2470 -0.06771226 -0.09920842 -0.26627219 -0.11173455 -0.15112816 -0.31360947
2480 -0.06551676 -0.09702704 -0.21893491 -0.11162225 -0.15086751 -0.31360947
2490 -0.06594040 -0.10472256 -0.26627219 -0.11144737 -0.15093874 -0.31360947
2500 -0.06813443 -0.10548590 -0.21893491 -0.11079618 -0.15198221 -0.31360947
2510 -0.06135903 -0.10283064 -0.26627219 -0.11183269 -0.15231786 -0.31360947
2520 -0.06461912 -0.10684894 -0.26627219 -0.11090325 -0.15031261 -0.31360947
2530 -0.07210989 -0.09859032 -0.26627219 -0.11101704 -0.15307262 -0.31360947
2540 -0.06461426 -0.09634633 -0.21893491 -0.11056405 -0.15090357 -0.31360947
2550 -0.06036410 -0.09715830 -0.26627219 -0.11259622 -0.14992575 -0.31360947
2560 -0.06838662 -0.10607057 -0.26627219 -0.10847453 -0.15179294 -0.31360947
2570 -0.06540745 -0.09664694 -0.21893491 -0.11318391 -0.15140060 -0.31360947
2580 -0.06316119 -0.09842332 -0.19526627 -0.11004923 -0.15206656 -0.31360947
2590 -0.06683489 -0.10319666 -0.31360947 -0.11186195 -0.14962298 -0.31360947
2600 -0.05990670 -0.09743590 -0.21893491 -0.11109281 -0.15065938 -0.31360947
2610 -0.06589831 -0.10532544 -0.26627219 -0.11076356 -0.14966047 -0.31360947
2620 -0.07193853 -0.09971000 -0.21893491 -0.11012773 -0.15089990 -0.31360947
2630 -0.06808531 -0.10194213 -0.26627219 -0.11013212 -0.15134572 -0.31360947
2640 -0.07156641 -0.09916694 -0.26627219 -0.11095471 -0.15059422 -0.31360947
2650 -0.07070964 -0.10092045 -0.26627219 -0.11222861 -0.15256101 -0.31360947
2660 -0.07320808 -0.09844002 -0.26627219 -0.11246207 -0.15140680 -0.31360947
2670 -0.06688576 -0.10280060 -0.26627219 -0.11072654 -0.15158539 -0.31360947
2680 -0.06767379 -0.10173655 -0.26627219 -0.11066523 -0.15174457 -0.31360947
2690 -0.07057526 -0.10138067 -0.26627219 -0.11205498 -0.15101205 -0.31360947
2700 -0.06953884 -0.10576563 -0.26627219 -0.11183026 -0.15196216 -0.31360947
2710 -0.06636272 -0.10292272 -0.26627219 -0.11242869 -0.15051552 -0.31360947
2720 -0.06645440 -0.10420776 -0.26627219 -0.11201384 -0.15275948 -0.31360947
2730 -0.07237407 -0.10245185 -0.26627219 -0.11252470 -0.15128095 -0.31360947
2740 -0.07048633 -0.10390533 -0.26627219 -0.11311523 -0.15144122 -0.31360947
2750 -0.06853474 -0.10694911 -0.21893491 -0.11135065 -0.15262817 -0.31360947
2760 -0.05756225 -0.10540801 -0.21893491 -0.11105093 -0.15048911 -0.31360947
2770 -0.06220381 -0.09962946 -0.31360947 -0.11122299 -0.15058312 -0.31360947
2780 -0.06823343 -0.10076323 -0.21893491 -0.11192922 -0.15117596 -0.31360947
2790 -0.06995472 -0.10453649 -0.21893491 -0.11303579 -0.15248939 -0.31360947
2800 -0.06782163 -0.11225183 -0.21893491 -0.11087323 -0.14666834 -0.31360947
2810 -0.06994910 -0.09993997 -0.26627219 -0.11168400 -0.15230788 -0.31360947
2820 -0.06185314 -0.11037172 -0.26627219 -0.11316170 -0.15016432 -0.31360947
2830 -0.06413946 -0.10635418 -0.31360947 -0.11170607 -0.15162305 -0.31360947
2840 -0.06837751 -0.09585799 -0.26627219 -0.11103461 -0.15089604 -0.31360947
2850 -0.07367637 -0.10920018 -0.26627219 -0.11100016 -0.15016121 -0.31360947
2860 -0.07171431 -0.10740634 -0.26627219 -0.11162328 -0.15192874 -0.31360947
2870 -0.07193720 -0.10581596 -0.26627219 -0.11075749 -0.15118275 -0.31360947
2880 -0.07201798 -0.10750678 -0.26627219 -0.11285270 -0.14976613 -0.31360947
2890 -0.06887150 -0.10368821 -0.28994083 -0.11235267 -0.15360372 -0.31360947
2900 -0.06726831 -0.09502891 -0.21893491 -0.11178598 -0.15052074 -0.31360947
2910 -0.07176112 -0.09743590 -0.31360947 -0.11136960 -0.14994914 -0.31360947
2920 -0.06574880 -0.10456221 -0.26627219 -0.11195805 -0.15110466 -0.31360947
2930 -0.07158466 -0.09946202 -0.21893491 -0.11059289 -0.15174490 -0.31360947
2940 -0.06622740 -0.10180181 -0.26627219 -0.11195512 -0.15175306 -0.31360947
2950 -0.07083883 -0.09350355 -0.26627219 -0.11228278 -0.15110999 -0.31360947
2960 -0.07157999 -0.10187806 -0.26627219 -0.11274840 -0.15039917 -0.31360947
2970 -0.07716118 -0.10877193 -0.21893491 -0.11440090 -0.15161906 -0.31360947
2980 -0.07373953 -0.09986015 -0.26627219 -0.11376610 -0.15259584 -0.31360947
2990 -0.07377692 -0.10506246 -0.21893491 -0.11136070 -0.15112397 -0.31360947
3000 -0.06264778 -0.10028885 -0.26627219 -0.11166441 -0.15079042 -0.31360947
3010 -0.07290861 -0.11536742 -0.26627219 -0.11332792 -0.15086420 -0.31360947
3020 -0.07029785 -0.09746642 -0.26627219 -0.11235151 -0.15202673 -0.31360947
3030 -0.07432205 -0.11023645 -0.31360947 -0.11266931 -0.15229940 -0.31360947
3040 -0.06584386 -0.09522168 -0.26627219 -0.11060966 -0.15188746 -0.31360947
3050 -0.07431031 -0.09997550 -0.26627219 -0.11271920 -0.14877417 -0.31360947
3060 -0.06732448 -0.09378293 -0.26627219 -0.11081803 -0.15175268 -0.31360947
3070 -0.07205462 -0.10413732 -0.21893491 -0.11168083 -0.15124869 -0.31360947
3080 -0.07389556 -0.10568125 -0.24260355 -0.11103089 -0.15197104 -0.31360947
3090 -0.06505284 -0.10204957 -0.26627219 -0.11238827 -0.15125264 -0.31360947
3100 -0.07393497 -0.10237678 -0.24260355 -0.11219695 -0.15146244 -0.31360947
3110 -0.07310870 -0.09713634 -0.26627219 -0.11154881 -0.15163116 -0.31360947
3120 -0.07018648 -0.11254957 -0.21893491 -0.11088261 -0.15218085 -0.31360947
3130 -0.06197127 -0.10177939 -0.26627219 -0.11189406 -0.15139514 -0.31360947
3140 -0.06520798 -0.11384758 -0.26627219 -0.11092416 -0.15156281 -0.31360947
3150 -0.06993778 -0.10476320 -0.26627219 -0.11170733 -0.15015850 -0.31360947
3160 -0.06893443 -0.10324974 -0.26627219 -0.11065436 -0.15186541 -0.31360947
3170 -0.06771208 -0.11045365 -0.26627219 -0.11113002 -0.15024515 -0.31360947
3180 -0.07531791 -0.10450836 -0.26627219 -0.11235823 -0.15146334 -0.31360947
3190 -0.07169390 -0.10580844 -0.21893491 -0.11298056 -0.15444246 -0.31360947
3200 -0.07295093 -0.10834038 -0.21893491 -0.11004854 -0.15156132 -0.31360947
3210 -0.07489101 -0.10313687 -0.26627219 -0.11114414 -0.15085814 -0.31360947
3220 -0.06370187 -0.09991822 -0.26627219 -0.11173436 -0.15011662 -0.31360947
3230 -0.06837590 -0.09941552 -0.21893491 -0.11293250 -0.15116322 -0.31360947
3240 -0.06948759 -0.10532544 -0.26627219 -0.11451242 -0.15186469 -0.31360947
3250 -0.06824586 -0.10262996 -0.26627219 -0.11210399 -0.15152148 -0.31360947
3260 -0.06438916 -0.09823914 -0.26627219 -0.11402932 -0.15118758 -0.31360947
3270 -0.06406458 -0.09687899 -0.21893491 -0.11056758 -0.15294934 -0.31360947
3280 -0.06662026 -0.09483769 -0.26627219 -0.11196613 -0.15096020 -0.31360947
3290 -0.06740632 -0.09699927 -0.26627219 -0.11114704 -0.15062413 -0.31360947
3300 -0.06823976 -0.09689497 -0.26627219 -0.11078542 -0.15032879 -0.31360947
3310 -0.07255023 -0.10566782 -0.26627219 -0.11069200 -0.15083799 -0.31360947
3320 -0.06744658 -0.10374753 -0.21893491 -0.11261387 -0.15047048 -0.31360947
3330 -0.06502832 -0.10218298 -0.19526627 -0.10997422 -0.15099271 -0.31360947
3340 -0.06007486 -0.10650231 -0.26627219 -0.11236269 -0.15219094 -0.31360947
3350 -0.06916440 -0.11602564 -0.26627219 -0.11085888 -0.15251415 -0.31360947
3360 -0.07057947 -0.10111001 -0.26627219 -0.11191478 -0.15175038 -0.31360947
3370 -0.07184786 -0.10819437 -0.26627219 -0.11247666 -0.14990693 -0.31360947
3380 -0.07270269 -0.10226737 -0.26627219 -0.11159911 -0.15159612 -0.31360947
3390 -0.07108117 -0.10096272 -0.26627219 -0.11142948 -0.14994353 -0.31360947
3400 -0.07098208 -0.10907528 -0.26627219 -0.11311317 -0.15186147 -0.31360947
3410 -0.06748921 -0.10567949 -0.26627219 -0.11119522 -0.15225929 -0.31360947
3420 -0.07154492 -0.10943605 -0.21893491 -0.11021486 -0.15244486 -0.31360947
3430 -0.07434724 -0.11000827 -0.26627219 -0.11254557 -0.15049493 -0.31360947
3440 -0.06858406 -0.10358036 -0.26627219 -0.11147164 -0.15194383 -0.31360947
3450 -0.07143010 -0.10743300 -0.26627219 -0.11281404 -0.15157684 -0.31360947
3460 -0.07401474 -0.10146189 -0.26627219 -0.11301082 -0.15228725 -0.31360947
3470 -0.06822175 -0.10821704 -0.26627219 -0.11162002 -0.15171367 -0.31360947
3480 -0.06878913 -0.10911524 -0.26627219 -0.11310318 -0.15271753 -0.31360947
3490 -0.06732220 -0.10242422 -0.26627219 -0.11176638 -0.15209121 -0.31360947
3500 -0.06910229 -0.11246337 -0.26627219 -0.11166282 -0.15219198 -0.31360947
3510 -0.07496761 -0.10806647 -0.26627219 -0.11189476 -0.15189010 -0.31360947
3520 -0.06341574 -0.11193294 -0.26627219 -0.11415048 -0.15172874 -0.31360947
3530 -0.07406905 -0.10246776 -0.21893491 -0.11240665 -0.15335835 -0.31360947
3540 -0.06805115 -0.10604533 -0.26627219 -0.11308043 -0.15242298 -0.31360947
3550 -0.07241633 -0.10032101 -0.26627219 -0.11122265 -0.15155441 -0.31360947
3560 -0.06230789 -0.10834277 -0.21893491 -0.11223306 -0.15225382 -0.31360947
3570 -0.07174066 -0.10466541 -0.21893491 -0.11063875 -0.15092977 -0.31360947
3580 -0.07121082 -0.09933656 -0.26627219 -0.11199937 -0.15226252 -0.31360947
3590 -0.07386588 -0.11849492 -0.21893491 -0.11124316 -0.15134027 -0.31360947
3600 -0.06657204 -0.10404574 -0.21893491 -0.11142685 -0.15221556 -0.31360947
3610 -0.07071497 -0.10198209 -0.26627219 -0.11188682 -0.15292575 -0.31360947
3620 -0.06822952 -0.10332271 -0.26627219 -0.11176386 -0.15212180 -0.31360947
3630 -0.07229922 -0.10682996 -0.26627219 -0.11379204 -0.15168168 -0.31360947
3640 -0.07236470 -0.10184342 -0.26627219 -0.11378367 -0.15306191 -0.31360947
3650 -0.07657127 -0.10313938 -0.26627219 -0.11086743 -0.15173300 -0.31360947
3660 -0.06810885 -0.10678489 -0.21893491 -0.11146741 -0.15247117 -0.31360947
3670 -0.07000623 -0.10100528 -0.26627219 -0.11295556 -0.15316805 -0.31360947
3680 -0.07292016 -0.11937953 -0.26627219 -0.11201777 -0.15229626 -0.31360947
3690 -0.06787600 -0.10742501 -0.24260355 -0.11151239 -0.14991456 -0.31360947
3700 -0.07593855 -0.10234950 -0.21893491 -0.11196868 -0.14941603 -0.31360947
3710 -0.07210235 -0.10635353 -0.26627219 -0.11247839 -0.15143080 -0.31360947
3720 -0.07324516 -0.09971743 -0.26627219 -0.11216572 -0.15243708 -0.31360947
3730 -0.06368598 -0.10532544 -0.26627219 -0.11412357 -0.15091314 -0.31360947
3740 -0.06954029 -0.10112964 -0.21893491 -0.11391662 -0.15167540 -0.31360947
3750 -0.06632288 -0.10664670 -0.21893491 -0.11369249 -0.15482079 -0.31360947
3760 -0.07027504 -0.10648048 -0.26627219 -0.11242166 -0.15219575 -0.31360947
3770 -0.07351643 -0.10944292 -0.26627219 -0.11155837 -0.15177765 -0.31360947
3780 -0.06761612 -0.10252214 -0.26627219 -0.11289142 -0.15216086 -0.31360947
3790 -0.06854451 -0.09849229 -0.21893491 -0.11099564 -0.15223974 -0.31360947
3800 -0.07278570 -0.11715976 -0.26627219 -0.11159435 -0.15137754 -0.31360947
3810 -0.07672240 -0.10689661 -0.26627219 -0.11397401 -0.15017883 -0.31360947
3820 -0.07637334 -0.10665095 -0.21893491 -0.11184334 -0.15185675 -0.31360947
3830 -0.07299458 -0.09829507 -0.26627219 -0.11223970 -0.15228518 -0.31360947
3840 -0.07841835 -0.10223847 -0.26627219 -0.11163961 -0.15365833 -0.31360947
3850 -0.07213093 -0.10897542 -0.26627219 -0.11049141 -0.15222442 -0.31360947
3860 -0.07482188 -0.10571420 -0.26627219 -0.11414321 -0.15043404 -0.31360947
3870 -0.06801695 -0.10713589 -0.26627219 -0.11193965 -0.15254063 -0.31360947
3880 -0.07524902 -0.10016410 -0.21893491 -0.11240756 -0.15119983 -0.31360947
3890 -0.07277723 -0.09772510 -0.26627219 -0.11159425 -0.15304820 -0.31360947
3900 -0.07223835 -0.10164838 -0.26627219 -0.11036155 -0.15063241 -0.31360947
3910 -0.06755449 -0.10718688 -0.31360947 -0.11162662 -0.15279329 -0.31360947
3920 -0.06913636 -0.10697115 -0.26627219 -0.11193934 -0.15175023 -0.31360947
3930 -0.06701464 -0.11327723 -0.26627219 -0.11382152 -0.15094436 -0.31360947
3940 -0.07592978 -0.10694524 -0.26627219 -0.11116643 -0.15193201 -0.31360947
3950 -0.07449497 -0.10774993 -0.26627219 -0.11311710 -0.15198746 -0.31360947
3960 -0.07253667 -0.10635715 -0.26627219 -0.11208904 -0.15254742 -0.31360947
3970 -0.07030194 -0.10837465 -0.26627219 -0.11175000 -0.15163873 -0.31360947
3980 -0.07033168 -0.10533310 -0.26627219 -0.11197365 -0.15169485 -0.31360947
3990 -0.07159313 -0.10337861 -0.26627219 -0.11216211 -0.15217510 -0.31360947
4000 -0.06903884 -0.10895757 -0.26627219 -0.11230627 -0.15188244 -0.31360947
4000 -0.06903884 -0.10895757 -0.26627219 -0.11230627 -0.15188244 -0.31360947
8000 -0.07659273 -0.11149872 -0.26627219 -0.11440506 -0.15078399 -0.31360947
16000 -0.08440680 -0.12986948 -0.26627219 -0.11440928 -0.15299309 -0.31360947
32000 -0.09286941 -0.12775508 -0.26627219 -0.11527603 -0.15437421 -0.31360947
64000 -0.09125466 -0.13427377 -0.31360947 -0.11600012 -0.15634976 -0.31360947
128000 -0.09342538 -0.13975726 -0.31360947 -0.11528182 -0.15640380 -0.31360947
256000 -0.10330511 -0.13873048 -0.31360947 -0.11583982 -0.15652490 -0.31360947
512000 -0.10613196 -0.14058109 -0.31360947 -0.11628100 -0.15653439 -0.31360947
1024000 -0.10675689 -0.14435302 -0.31360947 -0.11601159 -0.15639566 -0.31360947
2048000 -0.10863037 -0.14702858 -0.31360947 -0.11611118 -0.15650772 -0.31360947
